1-Wire/iButton Part Number: DS1923
1-Wire/iButton Registration Number: E50000007D93F841
Mission in Progress?  true
SUTA Mission?  false
Waiting for Temperature Alarm?  false
Sample Rate:  Every 1800 second(s)
Mission Start Time:  Tue Mar 03 23:59:01 GMT 2026
Mission Sample Count:  4096
Roll Over Enabled?  true(rolled over occurred)
First Sample Timestamp:  Wed Jun 10 04:59:01 BST 2026
Total Mission Samples:  8808
Total Device Samples:  150727
Temperature Logging:  0.5 C
Temperature High Alarm:  disabled
Temperature Low Alarm:  disabled
Data Logging:  0.6 %RH
Data High Alarm:  disabled
Data Low Alarm:  disabled

Date/Time,Unit,Value
10/06/2026, 04:59:01,C,7.542
10/06/2026, 05:29:01,C,7.542
10/06/2026, 05:59:01,C,8.043
10/06/2026, 06:29:01,C,8.043
10/06/2026, 06:59:01,C,7.542
10/06/2026, 07:29:01,C,8.043
10/06/2026, 07:59:01,C,8.544
10/06/2026, 08:29:01,C,8.544
10/06/2026, 08:59:01,C,10.048
10/06/2026, 09:29:01,C,9.547
10/06/2026, 09:59:01,C,10.549
10/06/2026, 10:29:01,C,11.05
10/06/2026, 10:59:01,C,10.549
10/06/2026, 11:29:01,C,12.052
10/06/2026, 11:59:01,C,11.551
10/06/2026, 12:29:01,C,10.048
10/06/2026, 12:59:01,C,12.052
10/06/2026, 13:29:01,C,13.054
10/06/2026, 13:59:01,C,13.054
10/06/2026, 14:29:01,C,13.054
10/06/2026, 14:59:01,C,12.052
10/06/2026, 15:29:01,C,11.551
10/06/2026, 15:59:01,C,12.052
10/06/2026, 16:29:01,C,12.553
10/06/2026, 16:59:01,C,12.553
10/06/2026, 17:29:01,C,12.052
10/06/2026, 17:59:01,C,12.553
10/06/2026, 18:29:01,C,12.052
10/06/2026, 18:59:01,C,11.551
10/06/2026, 19:29:01,C,11.551
10/06/2026, 19:59:01,C,10.549
10/06/2026, 20:29:01,C,10.549
10/06/2026, 20:59:01,C,9.547
10/06/2026, 21:29:01,C,9.547
10/06/2026, 21:59:01,C,8.043
10/06/2026, 22:29:01,C,7.542
10/06/2026, 22:59:01,C,7.041
10/06/2026, 23:29:01,C,7.542
10/06/2026, 23:59:01,C,7.542
11/06/2026, 00:29:01,C,7.041
11/06/2026, 00:59:01,C,7.041
11/06/2026, 01:29:01,C,6.539
11/06/2026, 01:59:01,C,6.539
11/06/2026, 02:29:01,C,6.038
11/06/2026, 02:59:01,C,5.537
11/06/2026, 03:29:01,C,5.537
11/06/2026, 03:59:01,C,6.038
11/06/2026, 04:29:01,C,6.539
11/06/2026, 04:59:01,C,7.041
11/06/2026, 05:29:01,C,8.043
11/06/2026, 05:59:01,C,8.043
11/06/2026, 06:29:01,C,9.046
11/06/2026, 06:59:01,C,9.547
11/06/2026, 07:29:01,C,9.547
11/06/2026, 07:59:01,C,9.547
11/06/2026, 08:29:01,C,9.547
11/06/2026, 08:59:01,C,10.048
11/06/2026, 09:29:01,C,10.048
11/06/2026, 09:59:01,C,10.048
11/06/2026, 10:29:01,C,10.048
11/06/2026, 10:59:01,C,10.048
11/06/2026, 11:29:01,C,11.05
11/06/2026, 11:59:01,C,11.05
11/06/2026, 12:29:01,C,11.05
11/06/2026, 12:59:01,C,11.551
11/06/2026, 13:29:01,C,11.551
11/06/2026, 13:59:01,C,12.052
11/06/2026, 14:29:01,C,12.553
11/06/2026, 14:59:01,C,13.054
11/06/2026, 15:29:01,C,14.055
11/06/2026, 15:59:01,C,14.055
11/06/2026, 16:29:01,C,14.055
11/06/2026, 16:59:01,C,13.555
11/06/2026, 17:29:01,C,13.555
11/06/2026, 17:59:01,C,13.555
11/06/2026, 18:29:01,C,13.555
11/06/2026, 18:59:01,C,14.055
11/06/2026, 19:29:01,C,13.555
11/06/2026, 19:59:01,C,13.555
11/06/2026, 20:29:01,C,13.555
11/06/2026, 20:59:01,C,13.054
11/06/2026, 21:29:01,C,13.054
11/06/2026, 21:59:01,C,13.555
11/06/2026, 22:29:01,C,13.555
11/06/2026, 22:59:01,C,13.054
11/06/2026, 23:29:01,C,13.054
11/06/2026, 23:59:01,C,12.553
12/06/2026, 00:29:01,C,12.553
12/06/2026, 00:59:01,C,12.553
12/06/2026, 01:29:01,C,12.052
12/06/2026, 01:59:01,C,11.551
12/06/2026, 02:29:01,C,11.551
12/06/2026, 02:59:01,C,11.551
12/06/2026, 03:29:01,C,11.551
12/06/2026, 03:59:01,C,11.05
12/06/2026, 04:29:01,C,11.05
12/06/2026, 04:59:01,C,11.05
12/06/2026, 05:29:01,C,11.05
12/06/2026, 05:59:01,C,11.05
12/06/2026, 06:29:01,C,11.551
12/06/2026, 06:59:01,C,12.052
12/06/2026, 07:29:01,C,12.553
12/06/2026, 07:59:01,C,12.553
12/06/2026, 08:29:01,C,13.054
12/06/2026, 08:59:01,C,13.054
12/06/2026, 09:29:01,C,13.054
12/06/2026, 09:59:01,C,13.054
12/06/2026, 10:29:01,C,13.054
12/06/2026, 10:59:01,C,13.555
12/06/2026, 11:29:01,C,15.057
12/06/2026, 11:59:01,C,15.057
12/06/2026, 12:29:01,C,14.055
12/06/2026, 12:59:01,C,14.556
12/06/2026, 13:29:01,C,14.055
12/06/2026, 13:59:01,C,14.556
12/06/2026, 14:29:01,C,14.055
12/06/2026, 14:59:01,C,15.057
12/06/2026, 15:29:01,C,15.057
12/06/2026, 15:59:01,C,15.558
12/06/2026, 16:29:01,C,16.058
12/06/2026, 16:59:01,C,14.556
12/06/2026, 17:29:01,C,15.558
12/06/2026, 17:59:01,C,14.055
12/06/2026, 18:29:01,C,14.055
12/06/2026, 18:59:01,C,13.555
12/06/2026, 19:29:01,C,13.555
12/06/2026, 19:59:01,C,13.054
12/06/2026, 20:29:01,C,12.553
12/06/2026, 20:59:01,C,12.553
12/06/2026, 21:29:01,C,12.052
12/06/2026, 21:59:01,C,12.052
12/06/2026, 22:29:01,C,12.052
12/06/2026, 22:59:01,C,11.05
12/06/2026, 23:29:01,C,11.05
12/06/2026, 23:59:01,C,11.05
13/06/2026, 00:29:01,C,11.551
13/06/2026, 00:59:01,C,11.05
13/06/2026, 01:29:01,C,10.549
13/06/2026, 01:59:01,C,10.549
13/06/2026, 02:29:01,C,11.05
13/06/2026, 02:59:01,C,10.549
13/06/2026, 03:29:01,C,10.549
13/06/2026, 03:59:01,C,10.549
13/06/2026, 04:29:01,C,10.549
13/06/2026, 04:59:01,C,10.549
13/06/2026, 05:29:01,C,10.048
13/06/2026, 05:59:01,C,10.549
13/06/2026, 06:29:01,C,10.549
13/06/2026, 06:59:01,C,10.549
13/06/2026, 07:29:01,C,10.549
13/06/2026, 07:59:01,C,11.05
13/06/2026, 08:29:01,C,11.05
13/06/2026, 08:59:01,C,12.052
13/06/2026, 09:29:01,C,11.551
13/06/2026, 09:59:01,C,11.551
13/06/2026, 10:29:01,C,12.553
13/06/2026, 10:59:01,C,12.052
13/06/2026, 11:29:01,C,12.052
13/06/2026, 11:59:01,C,12.553
13/06/2026, 12:29:01,C,12.553
13/06/2026, 12:59:01,C,13.555
13/06/2026, 13:29:01,C,13.555
13/06/2026, 13:59:01,C,13.054
13/06/2026, 14:29:01,C,14.055
13/06/2026, 14:59:01,C,12.553
13/06/2026, 15:29:01,C,14.556
13/06/2026, 15:59:01,C,13.555
13/06/2026, 16:29:01,C,14.055
13/06/2026, 16:59:01,C,13.555
13/06/2026, 17:29:01,C,13.555
13/06/2026, 17:59:01,C,14.055
13/06/2026, 18:29:01,C,13.054
13/06/2026, 18:59:01,C,13.054
13/06/2026, 19:29:01,C,12.553
13/06/2026, 19:59:01,C,12.052
13/06/2026, 20:29:01,C,11.551
13/06/2026, 20:59:01,C,11.551
13/06/2026, 21:29:01,C,11.551
13/06/2026, 21:59:01,C,11.05
13/06/2026, 22:29:01,C,11.05
13/06/2026, 22:59:01,C,11.05
13/06/2026, 23:29:01,C,11.05
13/06/2026, 23:59:01,C,11.05
14/06/2026, 00:29:01,C,11.05
14/06/2026, 00:59:01,C,11.05
14/06/2026, 01:29:01,C,10.048
14/06/2026, 01:59:01,C,10.549
14/06/2026, 02:29:01,C,10.549
14/06/2026, 02:59:01,C,10.549
14/06/2026, 03:29:01,C,10.549
14/06/2026, 03:59:01,C,10.048
14/06/2026, 04:29:01,C,10.549
14/06/2026, 04:59:01,C,10.048
14/06/2026, 05:29:01,C,10.048
14/06/2026, 05:59:01,C,10.549
14/06/2026, 06:29:01,C,10.549
14/06/2026, 06:59:01,C,10.549
14/06/2026, 07:29:01,C,11.551
14/06/2026, 07:59:01,C,12.052
14/06/2026, 08:29:01,C,13.054
14/06/2026, 08:59:01,C,13.555
14/06/2026, 09:29:01,C,13.555
14/06/2026, 09:59:01,C,13.555
14/06/2026, 10:29:01,C,14.556
14/06/2026, 10:59:01,C,15.558
14/06/2026, 11:29:01,C,16.058
14/06/2026, 11:59:01,C,16.559
14/06/2026, 12:29:01,C,17.06
14/06/2026, 12:59:01,C,18.561
14/06/2026, 13:29:01,C,16.559
14/06/2026, 13:59:01,C,17.06
14/06/2026, 14:29:01,C,19.062
14/06/2026, 14:59:01,C,17.56
14/06/2026, 15:29:01,C,18.061
14/06/2026, 15:59:01,C,18.561
14/06/2026, 16:29:01,C,18.561
14/06/2026, 16:59:01,C,17.06
14/06/2026, 17:29:01,C,17.56
14/06/2026, 17:59:01,C,17.56
14/06/2026, 18:29:01,C,19.062
14/06/2026, 18:59:01,C,16.559
14/06/2026, 19:29:01,C,16.559
14/06/2026, 19:59:01,C,15.558
14/06/2026, 20:29:01,C,15.057
14/06/2026, 20:59:01,C,14.556
14/06/2026, 21:29:01,C,13.054
14/06/2026, 21:59:01,C,13.555
14/06/2026, 22:29:01,C,13.054
14/06/2026, 22:59:01,C,13.054
14/06/2026, 23:29:01,C,11.551
14/06/2026, 23:59:01,C,11.551
15/06/2026, 00:29:01,C,10.549
15/06/2026, 00:59:01,C,10.549
15/06/2026, 01:29:01,C,10.048
15/06/2026, 01:59:01,C,9.046
15/06/2026, 02:29:01,C,8.043
15/06/2026, 02:59:01,C,7.542
15/06/2026, 03:29:01,C,8.043
15/06/2026, 03:59:01,C,8.544
15/06/2026, 04:29:01,C,8.544
15/06/2026, 04:59:01,C,8.043
15/06/2026, 05:29:01,C,8.544
15/06/2026, 05:59:01,C,8.544
15/06/2026, 06:29:01,C,9.547
15/06/2026, 06:59:01,C,10.549
15/06/2026, 07:29:01,C,11.05
15/06/2026, 07:59:01,C,11.551
15/06/2026, 08:29:01,C,12.052
15/06/2026, 08:59:01,C,13.054
15/06/2026, 09:29:01,C,14.055
15/06/2026, 09:59:01,C,14.556
15/06/2026, 10:29:01,C,15.057
15/06/2026, 10:59:01,C,16.058
15/06/2026, 11:29:01,C,15.558
15/06/2026, 11:59:01,C,15.558
15/06/2026, 12:29:01,C,16.559
15/06/2026, 12:59:01,C,17.06
15/06/2026, 13:29:01,C,17.56
15/06/2026, 13:59:01,C,19.562
15/06/2026, 14:29:01,C,19.062
15/06/2026, 14:59:01,C,19.062
15/06/2026, 15:29:01,C,18.561
15/06/2026, 15:59:01,C,18.061
15/06/2026, 16:29:01,C,20.062
15/06/2026, 16:59:01,C,18.061
15/06/2026, 17:29:01,C,17.56
15/06/2026, 17:59:01,C,16.559
15/06/2026, 18:29:01,C,16.058
15/06/2026, 18:59:01,C,16.058
15/06/2026, 19:29:01,C,16.058
15/06/2026, 19:59:01,C,15.558
15/06/2026, 20:29:01,C,15.558
15/06/2026, 20:59:01,C,15.558
15/06/2026, 21:29:01,C,15.057
15/06/2026, 21:59:01,C,14.556
15/06/2026, 22:29:01,C,15.057
15/06/2026, 22:59:01,C,15.057
15/06/2026, 23:29:01,C,14.556
15/06/2026, 23:59:01,C,14.556
16/06/2026, 00:29:01,C,14.556
16/06/2026, 00:59:01,C,14.556
16/06/2026, 01:29:01,C,14.556
16/06/2026, 01:59:01,C,14.055
16/06/2026, 02:29:01,C,13.555
16/06/2026, 02:59:01,C,13.555
16/06/2026, 03:29:01,C,13.054
16/06/2026, 03:59:01,C,13.054
16/06/2026, 04:29:01,C,13.054
16/06/2026, 04:59:01,C,13.054
16/06/2026, 05:29:01,C,13.054
16/06/2026, 05:59:01,C,13.054
16/06/2026, 06:29:01,C,13.555
16/06/2026, 06:59:01,C,13.555
16/06/2026, 07:29:01,C,13.555
16/06/2026, 07:59:01,C,13.555
16/06/2026, 08:29:01,C,14.055
16/06/2026, 08:59:01,C,13.555
16/06/2026, 09:29:01,C,13.555
16/06/2026, 09:59:01,C,13.555
16/06/2026, 10:29:01,C,14.055
16/06/2026, 10:59:01,C,14.556
16/06/2026, 11:29:01,C,14.556
16/06/2026, 11:59:01,C,15.057
16/06/2026, 12:29:01,C,17.06
16/06/2026, 12:59:01,C,16.559
16/06/2026, 13:29:01,C,16.559
16/06/2026, 13:59:01,C,18.561
16/06/2026, 14:29:01,C,18.561
16/06/2026, 14:59:01,C,19.062
16/06/2026, 15:29:01,C,18.061
16/06/2026, 15:59:01,C,17.06
16/06/2026, 16:29:01,C,17.56
16/06/2026, 16:59:01,C,18.061
16/06/2026, 17:29:01,C,19.062
16/06/2026, 17:59:01,C,17.56
16/06/2026, 18:29:01,C,17.56
16/06/2026, 18:59:01,C,16.559
16/06/2026, 19:29:01,C,16.559
16/06/2026, 19:59:01,C,15.558
16/06/2026, 20:29:01,C,15.057
16/06/2026, 20:59:01,C,14.556
16/06/2026, 21:29:01,C,13.555
16/06/2026, 21:59:01,C,13.555
16/06/2026, 22:29:01,C,13.054
16/06/2026, 22:59:01,C,12.553
16/06/2026, 23:29:01,C,12.052
16/06/2026, 23:59:01,C,12.553
17/06/2026, 00:29:01,C,12.553
17/06/2026, 00:59:01,C,12.553
17/06/2026, 01:29:01,C,12.553
17/06/2026, 01:59:01,C,12.553
17/06/2026, 02:29:01,C,12.553
17/06/2026, 02:59:01,C,12.553
17/06/2026, 03:29:01,C,12.553
17/06/2026, 03:59:01,C,13.054
17/06/2026, 04:29:01,C,13.054
17/06/2026, 04:59:01,C,13.054
17/06/2026, 05:29:01,C,13.555
17/06/2026, 05:59:01,C,13.555
17/06/2026, 06:29:01,C,13.555
17/06/2026, 06:59:01,C,13.555
17/06/2026, 07:29:01,C,13.054
17/06/2026, 07:59:01,C,13.555
17/06/2026, 08:29:01,C,13.555
17/06/2026, 08:59:01,C,13.555
17/06/2026, 09:29:01,C,14.055
17/06/2026, 09:59:01,C,14.055
17/06/2026, 10:29:01,C,13.555
17/06/2026, 10:59:01,C,13.054
17/06/2026, 11:29:01,C,13.054
17/06/2026, 11:59:01,C,14.055
17/06/2026, 12:29:01,C,15.057
17/06/2026, 12:59:01,C,15.558
17/06/2026, 13:29:01,C,17.06
17/06/2026, 13:59:01,C,17.56
17/06/2026, 14:29:01,C,18.561
17/06/2026, 14:59:01,C,19.562
17/06/2026, 15:29:01,C,18.061
17/06/2026, 15:59:01,C,19.062
17/06/2026, 16:29:01,C,18.061
17/06/2026, 16:59:01,C,18.561
17/06/2026, 17:29:01,C,19.062
17/06/2026, 17:59:01,C,17.56
17/06/2026, 18:29:01,C,16.559
17/06/2026, 18:59:01,C,17.06
17/06/2026, 19:29:01,C,16.559
17/06/2026, 19:59:01,C,15.558
17/06/2026, 20:29:01,C,15.057
17/06/2026, 20:59:01,C,14.055
17/06/2026, 21:29:01,C,13.555
17/06/2026, 21:59:01,C,13.555
17/06/2026, 22:29:01,C,13.555
17/06/2026, 22:59:01,C,13.054
17/06/2026, 23:29:01,C,13.054
17/06/2026, 23:59:01,C,13.054
18/06/2026, 00:29:01,C,13.054
18/06/2026, 00:59:01,C,13.054
18/06/2026, 01:29:01,C,13.054
18/06/2026, 01:59:01,C,13.054
18/06/2026, 02:29:01,C,13.054
18/06/2026, 02:59:01,C,13.054
18/06/2026, 03:29:01,C,13.054
18/06/2026, 03:59:01,C,13.054
18/06/2026, 04:29:01,C,13.054
18/06/2026, 04:59:01,C,13.054
18/06/2026, 05:29:01,C,13.054
18/06/2026, 05:59:01,C,13.054
18/06/2026, 06:29:01,C,13.555
18/06/2026, 06:59:01,C,14.556
18/06/2026, 07:29:01,C,14.055
18/06/2026, 07:59:01,C,14.055
18/06/2026, 08:29:01,C,14.556
18/06/2026, 08:59:01,C,15.057
18/06/2026, 09:29:01,C,15.057
18/06/2026, 09:59:01,C,15.057
18/06/2026, 10:29:01,C,15.558
18/06/2026, 10:59:01,C,16.058
18/06/2026, 11:29:01,C,16.058
18/06/2026, 11:59:01,C,15.057
18/06/2026, 12:29:01,C,16.058
18/06/2026, 12:59:01,C,16.559
18/06/2026, 13:29:01,C,16.559
18/06/2026, 13:59:01,C,17.06
18/06/2026, 14:29:01,C,17.56
18/06/2026, 14:59:01,C,15.558
18/06/2026, 15:29:01,C,15.057
18/06/2026, 15:59:01,C,15.057
18/06/2026, 16:29:01,C,15.057
18/06/2026, 16:59:01,C,15.057
18/06/2026, 17:29:01,C,15.558
18/06/2026, 17:59:01,C,15.558
18/06/2026, 18:29:01,C,15.558
18/06/2026, 18:59:01,C,15.558
18/06/2026, 19:29:01,C,15.558
18/06/2026, 19:59:01,C,15.558
18/06/2026, 20:29:01,C,15.558
18/06/2026, 20:59:01,C,15.558
18/06/2026, 21:29:01,C,15.558
18/06/2026, 21:59:01,C,15.558
18/06/2026, 22:29:01,C,15.558
18/06/2026, 22:59:01,C,15.558
18/06/2026, 23:29:01,C,15.558
18/06/2026, 23:59:01,C,15.558
19/06/2026, 00:29:01,C,15.558
19/06/2026, 00:59:01,C,15.558
19/06/2026, 01:29:01,C,15.558
19/06/2026, 01:59:01,C,16.058
19/06/2026, 02:29:01,C,16.058
19/06/2026, 02:59:01,C,15.558
19/06/2026, 03:29:01,C,16.058
19/06/2026, 03:59:01,C,16.058
19/06/2026, 04:29:01,C,16.058
19/06/2026, 04:59:01,C,16.058
19/06/2026, 05:29:01,C,15.558
19/06/2026, 05:59:01,C,15.558
19/06/2026, 06:29:01,C,16.058
19/06/2026, 06:59:01,C,16.058
19/06/2026, 07:29:01,C,16.058
19/06/2026, 07:59:01,C,17.06
19/06/2026, 08:29:01,C,18.061
19/06/2026, 08:59:01,C,17.06
19/06/2026, 09:29:01,C,16.559
19/06/2026, 09:59:01,C,16.559
19/06/2026, 10:29:01,C,16.559
19/06/2026, 10:59:01,C,17.06
19/06/2026, 11:29:01,C,16.559
19/06/2026, 11:59:01,C,17.06
19/06/2026, 12:29:01,C,16.058
19/06/2026, 12:59:01,C,16.058
19/06/2026, 13:29:01,C,16.058
19/06/2026, 13:59:01,C,15.558
19/06/2026, 14:29:01,C,15.558
19/06/2026, 14:59:01,C,15.558
19/06/2026, 15:29:01,C,15.558
19/06/2026, 15:59:01,C,15.057
19/06/2026, 16:29:01,C,15.558
19/06/2026, 16:59:01,C,15.558
19/06/2026, 17:29:01,C,15.558
19/06/2026, 17:59:01,C,16.058
19/06/2026, 18:29:01,C,15.558
19/06/2026, 18:59:01,C,16.058
19/06/2026, 19:29:01,C,16.058
19/06/2026, 19:59:01,C,15.558
19/06/2026, 20:29:01,C,15.558
19/06/2026, 20:59:01,C,15.558
19/06/2026, 21:29:01,C,15.558
19/06/2026, 21:59:01,C,15.057
19/06/2026, 22:29:01,C,15.057
19/06/2026, 22:59:01,C,15.057
19/06/2026, 23:29:01,C,14.556
19/06/2026, 23:59:01,C,14.556
20/06/2026, 00:29:01,C,14.556
20/06/2026, 00:59:01,C,14.055
20/06/2026, 01:29:01,C,14.055
20/06/2026, 01:59:01,C,14.055
20/06/2026, 02:29:01,C,13.555
20/06/2026, 02:59:01,C,13.054
20/06/2026, 03:29:01,C,13.054
20/06/2026, 03:59:01,C,13.054
20/06/2026, 04:29:01,C,13.054
20/06/2026, 04:59:01,C,13.054
20/06/2026, 05:29:01,C,13.054
20/06/2026, 05:59:01,C,13.054
20/06/2026, 06:29:01,C,13.054
20/06/2026, 06:59:01,C,13.054
20/06/2026, 07:29:01,C,13.054
20/06/2026, 07:59:01,C,13.555
20/06/2026, 08:29:01,C,14.055
20/06/2026, 08:59:01,C,14.556
20/06/2026, 09:29:01,C,15.057
20/06/2026, 09:59:01,C,15.558
20/06/2026, 10:29:01,C,18.061
20/06/2026, 10:59:01,C,17.56
20/06/2026, 11:29:01,C,17.06
20/06/2026, 11:59:01,C,17.56
20/06/2026, 12:29:01,C,19.562
20/06/2026, 12:59:01,C,17.56
20/06/2026, 13:29:01,C,18.561
20/06/2026, 13:59:01,C,18.061
20/06/2026, 14:29:01,C,20.062
20/06/2026, 14:59:01,C,19.562
20/06/2026, 15:29:01,C,18.561
20/06/2026, 15:59:01,C,20.062
20/06/2026, 16:29:01,C,19.062
20/06/2026, 16:59:01,C,19.562
20/06/2026, 17:29:01,C,19.062
20/06/2026, 17:59:01,C,18.561
20/06/2026, 18:29:01,C,19.062
20/06/2026, 18:59:01,C,17.56
20/06/2026, 19:29:01,C,16.559
20/06/2026, 19:59:01,C,14.055
20/06/2026, 20:29:01,C,13.054
20/06/2026, 20:59:01,C,13.054
20/06/2026, 21:29:01,C,12.553
20/06/2026, 21:59:01,C,11.551
20/06/2026, 22:29:01,C,10.549
20/06/2026, 22:59:01,C,10.048
20/06/2026, 23:29:01,C,9.547
20/06/2026, 23:59:01,C,9.547
21/06/2026, 00:29:01,C,9.046
21/06/2026, 00:59:01,C,8.043
21/06/2026, 01:29:01,C,8.043
21/06/2026, 01:59:01,C,7.542
21/06/2026, 02:29:01,C,7.041
21/06/2026, 02:59:01,C,7.041
21/06/2026, 03:29:01,C,6.539
21/06/2026, 03:59:01,C,6.038
21/06/2026, 04:29:01,C,6.539
21/06/2026, 04:59:01,C,7.041
21/06/2026, 05:29:01,C,7.041
21/06/2026, 05:59:01,C,8.544
21/06/2026, 06:29:01,C,10.048
21/06/2026, 06:59:01,C,15.558
21/06/2026, 07:29:01,C,14.556
21/06/2026, 07:59:01,C,16.058
21/06/2026, 08:29:01,C,17.56
21/06/2026, 08:59:01,C,18.561
21/06/2026, 09:29:01,C,18.561
21/06/2026, 09:59:01,C,20.062
21/06/2026, 10:29:01,C,22.564
21/06/2026, 10:59:01,C,20.563
21/06/2026, 11:29:01,C,20.563
21/06/2026, 11:59:01,C,21.063
21/06/2026, 12:29:01,C,22.564
21/06/2026, 12:59:01,C,23.064
21/06/2026, 13:29:01,C,23.564
21/06/2026, 13:59:01,C,23.564
21/06/2026, 14:29:01,C,22.564
21/06/2026, 14:59:01,C,23.064
21/06/2026, 15:29:01,C,24.064
21/06/2026, 15:59:01,C,25.564
21/06/2026, 16:29:01,C,24.064
21/06/2026, 16:59:01,C,26.564
21/06/2026, 17:29:01,C,24.064
21/06/2026, 17:59:01,C,26.064
21/06/2026, 18:29:01,C,24.564
21/06/2026, 18:59:01,C,25.064
21/06/2026, 19:29:01,C,24.564
21/06/2026, 19:59:01,C,22.064
21/06/2026, 20:29:01,C,21.063
21/06/2026, 20:59:01,C,20.062
21/06/2026, 21:29:01,C,19.562
21/06/2026, 21:59:01,C,19.562
21/06/2026, 22:29:01,C,19.062
21/06/2026, 22:59:01,C,19.062
21/06/2026, 23:29:01,C,18.561
21/06/2026, 23:59:01,C,18.561
22/06/2026, 00:29:01,C,18.561
22/06/2026, 00:59:01,C,18.561
22/06/2026, 01:29:01,C,18.561
22/06/2026, 01:59:01,C,18.561
22/06/2026, 02:29:01,C,18.561
22/06/2026, 02:59:01,C,18.061
22/06/2026, 03:29:01,C,18.061
22/06/2026, 03:59:01,C,18.061
22/06/2026, 04:29:01,C,17.56
22/06/2026, 04:59:01,C,17.56
22/06/2026, 05:29:01,C,18.061
22/06/2026, 05:59:01,C,17.56
22/06/2026, 06:29:01,C,18.561
22/06/2026, 06:59:01,C,18.561
22/06/2026, 07:29:01,C,18.061
22/06/2026, 07:59:01,C,18.561
22/06/2026, 08:29:01,C,20.563
22/06/2026, 08:59:01,C,19.562
22/06/2026, 09:29:01,C,20.563
22/06/2026, 09:59:01,C,20.563
22/06/2026, 10:29:01,C,21.563
22/06/2026, 10:59:01,C,22.064
22/06/2026, 11:29:01,C,22.064
22/06/2026, 11:59:01,C,23.064
22/06/2026, 12:29:01,C,23.064
22/06/2026, 12:59:01,C,23.064
22/06/2026, 13:29:01,C,24.064
22/06/2026, 13:59:01,C,23.564
22/06/2026, 14:29:01,C,23.564
22/06/2026, 14:59:01,C,22.564
22/06/2026, 15:29:01,C,23.564
22/06/2026, 15:59:01,C,23.064
22/06/2026, 16:29:01,C,23.064
22/06/2026, 16:59:01,C,22.564
22/06/2026, 17:29:01,C,22.564
22/06/2026, 17:59:01,C,23.064
22/06/2026, 18:29:01,C,23.064
22/06/2026, 18:59:01,C,22.564
22/06/2026, 19:29:01,C,22.564
22/06/2026, 19:59:01,C,22.564
22/06/2026, 20:29:01,C,22.564
22/06/2026, 20:59:01,C,21.563
22/06/2026, 21:29:01,C,21.063
22/06/2026, 21:59:01,C,21.063
22/06/2026, 22:29:01,C,20.563
22/06/2026, 22:59:01,C,20.563
22/06/2026, 23:29:01,C,19.562
22/06/2026, 23:59:01,C,18.561
23/06/2026, 00:29:01,C,18.061
23/06/2026, 00:59:01,C,17.06
23/06/2026, 01:29:01,C,17.06
23/06/2026, 01:59:01,C,17.56
23/06/2026, 02:29:01,C,17.56
23/06/2026, 02:59:01,C,18.561
23/06/2026, 03:29:01,C,17.56
23/06/2026, 03:59:01,C,18.061
23/06/2026, 04:29:01,C,17.56
23/06/2026, 04:59:01,C,17.56
23/06/2026, 05:29:01,C,18.061
23/06/2026, 05:59:01,C,18.561
23/06/2026, 06:29:01,C,19.062
23/06/2026, 06:59:01,C,20.563
23/06/2026, 07:29:01,C,20.563
23/06/2026, 07:59:01,C,21.563
23/06/2026, 08:29:01,C,22.564
23/06/2026, 08:59:01,C,24.564
23/06/2026, 09:29:01,C,23.064
23/06/2026, 09:59:01,C,23.064
23/06/2026, 10:29:01,C,25.564
23/06/2026, 10:59:01,C,25.064
23/06/2026, 11:29:01,C,24.064
23/06/2026, 11:59:01,C,25.564
23/06/2026, 12:29:01,C,25.564
23/06/2026, 12:59:01,C,26.564
23/06/2026, 13:29:01,C,28.064
23/06/2026, 13:59:01,C,26.564
23/06/2026, 14:29:01,C,25.564
23/06/2026, 14:59:01,C,27.564
23/06/2026, 15:29:01,C,27.064
23/06/2026, 15:59:01,C,27.564
23/06/2026, 16:29:01,C,28.564
23/06/2026, 16:59:01,C,28.564
23/06/2026, 17:29:01,C,27.564
23/06/2026, 17:59:01,C,27.564
23/06/2026, 18:29:01,C,27.064
23/06/2026, 18:59:01,C,26.064
23/06/2026, 19:29:01,C,25.564
23/06/2026, 19:59:01,C,23.064
23/06/2026, 20:29:01,C,22.064
23/06/2026, 20:59:01,C,21.063
23/06/2026, 21:29:01,C,20.563
23/06/2026, 21:59:01,C,19.062
23/06/2026, 22:29:01,C,18.561
23/06/2026, 22:59:01,C,17.56
23/06/2026, 23:29:01,C,18.061
23/06/2026, 23:59:01,C,17.06
24/06/2026, 00:29:01,C,17.06
24/06/2026, 00:59:01,C,17.06
24/06/2026, 01:29:01,C,16.058
24/06/2026, 01:59:01,C,16.058
24/06/2026, 02:29:01,C,15.558
24/06/2026, 02:59:01,C,15.558
24/06/2026, 03:29:01,C,15.558
24/06/2026, 03:59:01,C,15.558
24/06/2026, 04:29:01,C,15.558
24/06/2026, 04:59:01,C,15.558
24/06/2026, 05:29:01,C,15.057
24/06/2026, 05:59:01,C,15.057
24/06/2026, 06:29:01,C,16.559
24/06/2026, 06:59:01,C,17.06
24/06/2026, 07:29:01,C,18.561
24/06/2026, 07:59:01,C,20.563
24/06/2026, 08:29:01,C,23.064
24/06/2026, 08:59:01,C,23.564
24/06/2026, 09:29:01,C,25.064
24/06/2026, 09:59:01,C,24.564
24/06/2026, 10:29:01,C,24.064
24/06/2026, 10:59:01,C,23.064
24/06/2026, 11:29:01,C,24.064
24/06/2026, 11:59:01,C,25.064
24/06/2026, 12:29:01,C,26.564
24/06/2026, 12:59:01,C,26.564
24/06/2026, 13:29:01,C,25.064
24/06/2026, 13:59:01,C,25.064
24/06/2026, 14:29:01,C,25.064
24/06/2026, 14:59:01,C,26.564
24/06/2026, 15:29:01,C,25.564
24/06/2026, 15:59:01,C,26.064
24/06/2026, 16:29:01,C,25.064
24/06/2026, 16:59:01,C,25.064
24/06/2026, 17:29:01,C,25.564
24/06/2026, 17:59:01,C,24.564
24/06/2026, 18:29:01,C,24.564
24/06/2026, 18:59:01,C,24.564
24/06/2026, 19:29:01,C,23.064
24/06/2026, 19:59:01,C,20.563
24/06/2026, 20:29:01,C,19.562
24/06/2026, 20:59:01,C,18.561
24/06/2026, 21:29:01,C,18.061
24/06/2026, 21:59:01,C,17.06
24/06/2026, 22:29:01,C,16.058
24/06/2026, 22:59:01,C,15.558
24/06/2026, 23:29:01,C,15.057
24/06/2026, 23:59:01,C,15.057
25/06/2026, 00:29:01,C,15.057
25/06/2026, 00:59:01,C,14.556
25/06/2026, 01:29:01,C,14.055
25/06/2026, 01:59:01,C,14.055
25/06/2026, 02:29:01,C,14.055
25/06/2026, 02:59:01,C,14.556
25/06/2026, 03:29:01,C,15.057
25/06/2026, 03:59:01,C,14.556
25/06/2026, 04:29:01,C,14.055
25/06/2026, 04:59:01,C,14.055
25/06/2026, 05:29:01,C,14.556
25/06/2026, 05:59:01,C,16.058
25/06/2026, 06:29:01,C,16.559
25/06/2026, 06:59:01,C,20.563
25/06/2026, 07:29:01,C,22.064
25/06/2026, 07:59:01,C,24.064
25/06/2026, 08:29:01,C,25.564
25/06/2026, 08:59:01,C,27.064
25/06/2026, 09:29:01,C,27.064
25/06/2026, 09:59:01,C,27.564
25/06/2026, 10:29:01,C,29.563
25/06/2026, 10:59:01,C,28.064
25/06/2026, 11:29:01,C,28.564
25/06/2026, 11:59:01,C,29.063
25/06/2026, 12:29:01,C,30.563
25/06/2026, 12:59:01,C,30.563
25/06/2026, 13:29:01,C,31.062
25/06/2026, 13:59:01,C,29.063
25/06/2026, 14:29:01,C,29.563
25/06/2026, 14:59:01,C,30.063
25/06/2026, 15:29:01,C,29.063
25/06/2026, 15:59:01,C,30.563
25/06/2026, 16:29:01,C,31.062
25/06/2026, 16:59:01,C,31.062
25/06/2026, 17:29:01,C,29.563
25/06/2026, 17:59:01,C,30.063
25/06/2026, 18:29:01,C,29.563
25/06/2026, 18:59:01,C,28.564
25/06/2026, 19:29:01,C,27.064
25/06/2026, 19:59:01,C,26.064
25/06/2026, 20:29:01,C,25.564
25/06/2026, 20:59:01,C,25.064
25/06/2026, 21:29:01,C,25.064
25/06/2026, 21:59:01,C,25.064
25/06/2026, 22:29:01,C,24.564
25/06/2026, 22:59:01,C,24.564
25/06/2026, 23:29:01,C,24.564
25/06/2026, 23:59:01,C,24.564
26/06/2026, 00:29:01,C,24.564
26/06/2026, 00:59:01,C,24.064
26/06/2026, 01:29:01,C,24.564
26/06/2026, 01:59:01,C,24.064
26/06/2026, 02:29:01,C,23.564
26/06/2026, 02:59:01,C,23.564
26/06/2026, 03:29:01,C,22.564
26/06/2026, 03:59:01,C,22.564
26/06/2026, 04:29:01,C,23.064
26/06/2026, 04:59:01,C,22.564
26/06/2026, 05:29:01,C,21.063
26/06/2026, 05:59:01,C,21.063
26/06/2026, 06:29:01,C,20.062
26/06/2026, 06:59:01,C,20.062
26/06/2026, 07:29:01,C,20.563
26/06/2026, 07:59:01,C,21.563
26/06/2026, 08:29:01,C,24.564
26/06/2026, 08:59:01,C,27.064
26/06/2026, 09:29:01,C,27.564
26/06/2026, 09:59:01,C,27.564
26/06/2026, 10:29:01,C,28.564
26/06/2026, 10:59:01,C,28.064
26/06/2026, 11:29:01,C,27.564
26/06/2026, 11:59:01,C,28.064
26/06/2026, 12:29:01,C,30.063
26/06/2026, 12:59:01,C,30.063
26/06/2026, 13:29:01,C,30.063
26/06/2026, 13:59:01,C,29.063
26/06/2026, 14:29:01,C,29.063
26/06/2026, 14:59:01,C,30.063
26/06/2026, 15:29:01,C,26.064
26/06/2026, 15:59:01,C,25.064
26/06/2026, 16:29:01,C,23.064
26/06/2026, 16:59:01,C,22.064
26/06/2026, 17:29:01,C,21.563
26/06/2026, 17:59:01,C,20.062
26/06/2026, 18:29:01,C,18.561
26/06/2026, 18:59:01,C,18.561
26/06/2026, 19:29:01,C,19.062
26/06/2026, 19:59:01,C,18.561
26/06/2026, 20:29:01,C,18.061
26/06/2026, 20:59:01,C,18.061
26/06/2026, 21:29:01,C,17.56
26/06/2026, 21:59:01,C,17.06
26/06/2026, 22:29:01,C,16.058
26/06/2026, 22:59:01,C,16.058
26/06/2026, 23:29:01,C,15.558
26/06/2026, 23:59:01,C,15.558
27/06/2026, 00:29:01,C,16.058
27/06/2026, 00:59:01,C,16.058
27/06/2026, 01:29:01,C,16.559
27/06/2026, 01:59:01,C,16.058
27/06/2026, 02:29:01,C,16.058
27/06/2026, 02:59:01,C,16.058
27/06/2026, 03:29:01,C,16.058
27/06/2026, 03:59:01,C,16.058
27/06/2026, 04:29:01,C,16.058
27/06/2026, 04:59:01,C,16.058
27/06/2026, 05:29:01,C,16.058
27/06/2026, 05:59:01,C,16.058
27/06/2026, 06:29:01,C,16.058
27/06/2026, 06:59:01,C,16.559
27/06/2026, 07:29:01,C,16.559
27/06/2026, 07:59:01,C,17.06
27/06/2026, 08:29:01,C,17.06
27/06/2026, 08:59:01,C,17.06
27/06/2026, 09:29:01,C,17.56
27/06/2026, 09:59:01,C,18.061
27/06/2026, 10:29:01,C,17.56
27/06/2026, 10:59:01,C,18.061
27/06/2026, 11:29:01,C,21.063
27/06/2026, 11:59:01,C,20.062
27/06/2026, 12:29:01,C,22.064
27/06/2026, 12:59:01,C,22.064
27/06/2026, 13:29:01,C,22.564
27/06/2026, 13:59:01,C,23.564
27/06/2026, 14:29:01,C,22.064
27/06/2026, 14:59:01,C,22.064
27/06/2026, 15:29:01,C,22.064
27/06/2026, 15:59:01,C,24.064
27/06/2026, 16:29:01,C,24.064
27/06/2026, 16:59:01,C,22.064
27/06/2026, 17:29:01,C,22.064
27/06/2026, 17:59:01,C,22.064
27/06/2026, 18:29:01,C,21.063
27/06/2026, 18:59:01,C,21.563
27/06/2026, 19:29:01,C,21.063
27/06/2026, 19:59:01,C,19.562
27/06/2026, 20:29:01,C,19.562
27/06/2026, 20:59:01,C,19.062
27/06/2026, 21:29:01,C,19.062
27/06/2026, 21:59:01,C,18.561
27/06/2026, 22:29:01,C,18.561
27/06/2026, 22:59:01,C,18.561
27/06/2026, 23:29:01,C,18.061
27/06/2026, 23:59:01,C,18.061
28/06/2026, 00:29:01,C,17.56
28/06/2026, 00:59:01,C,17.06
28/06/2026, 01:29:01,C,17.06
28/06/2026, 01:59:01,C,17.06
28/06/2026, 02:29:01,C,16.559
28/06/2026, 02:59:01,C,16.058
28/06/2026, 03:29:01,C,15.558
28/06/2026, 03:59:01,C,15.057
28/06/2026, 04:29:01,C,14.556
28/06/2026, 04:59:01,C,14.556
28/06/2026, 05:29:01,C,14.055
28/06/2026, 05:59:01,C,14.556
28/06/2026, 06:29:01,C,14.556
28/06/2026, 06:59:01,C,14.556
28/06/2026, 07:29:01,C,15.057
28/06/2026, 07:59:01,C,15.057
28/06/2026, 08:29:01,C,15.057
28/06/2026, 08:59:01,C,15.558
28/06/2026, 09:29:01,C,16.058
28/06/2026, 09:59:01,C,15.057
28/06/2026, 10:29:01,C,15.057
28/06/2026, 10:59:01,C,15.558
28/06/2026, 11:29:01,C,15.558
28/06/2026, 11:59:01,C,16.559
28/06/2026, 12:29:01,C,18.061
28/06/2026, 12:59:01,C,17.56
28/06/2026, 13:29:01,C,17.06
28/06/2026, 13:59:01,C,17.56
28/06/2026, 14:29:01,C,17.06
28/06/2026, 14:59:01,C,18.061
28/06/2026, 15:29:01,C,17.06
28/06/2026, 15:59:01,C,17.06
28/06/2026, 16:29:01,C,17.06
28/06/2026, 16:59:01,C,17.06
28/06/2026, 17:29:01,C,17.06
28/06/2026, 17:59:01,C,16.559
28/06/2026, 18:29:01,C,15.558
28/06/2026, 18:59:01,C,15.057
28/06/2026, 19:29:01,C,14.556
28/06/2026, 19:59:01,C,14.556
28/06/2026, 20:29:01,C,14.556
28/06/2026, 20:59:01,C,14.055
28/06/2026, 21:29:01,C,14.055
28/06/2026, 21:59:01,C,14.055
28/06/2026, 22:29:01,C,14.055
28/06/2026, 22:59:01,C,13.555
28/06/2026, 23:29:01,C,13.555
28/06/2026, 23:59:01,C,13.555
29/06/2026, 00:29:01,C,13.555
29/06/2026, 00:59:01,C,13.054
29/06/2026, 01:29:01,C,13.054
29/06/2026, 01:59:01,C,13.054
29/06/2026, 02:29:01,C,12.553
29/06/2026, 02:59:01,C,13.054
29/06/2026, 03:29:01,C,13.054
29/06/2026, 03:59:01,C,13.054
29/06/2026, 04:29:01,C,13.054
29/06/2026, 04:59:01,C,12.553
29/06/2026, 05:29:01,C,12.553
29/06/2026, 05:59:01,C,12.553
29/06/2026, 06:29:01,C,12.553
29/06/2026, 06:59:01,C,12.553
29/06/2026, 07:29:01,C,13.555
29/06/2026, 07:59:01,C,13.555
29/06/2026, 08:29:01,C,13.555
29/06/2026, 08:59:01,C,14.055
29/06/2026, 09:29:01,C,14.556
29/06/2026, 09:59:01,C,14.556
29/06/2026, 10:29:01,C,14.556
29/06/2026, 10:59:01,C,14.556
29/06/2026, 11:29:01,C,15.057
29/06/2026, 11:59:01,C,15.057
29/06/2026, 12:29:01,C,17.06
29/06/2026, 12:59:01,C,16.058
29/06/2026, 13:29:01,C,17.06
29/06/2026, 13:59:01,C,17.06
29/06/2026, 14:29:01,C,16.058
29/06/2026, 14:59:01,C,16.058
29/06/2026, 15:29:01,C,17.56
29/06/2026, 15:59:01,C,17.06
29/06/2026, 16:29:01,C,17.56
29/06/2026, 16:59:01,C,17.06
29/06/2026, 17:29:01,C,17.06
29/06/2026, 17:59:01,C,16.559
29/06/2026, 18:29:01,C,16.559
29/06/2026, 18:59:01,C,15.558
29/06/2026, 19:29:01,C,15.057
29/06/2026, 19:59:01,C,15.057
29/06/2026, 20:29:01,C,14.055
29/06/2026, 20:59:01,C,14.055
29/06/2026, 21:29:01,C,13.555
29/06/2026, 21:59:01,C,13.555
29/06/2026, 22:29:01,C,13.555
29/06/2026, 22:59:01,C,13.054
29/06/2026, 23:29:01,C,13.054
29/06/2026, 23:59:01,C,13.054
30/06/2026, 00:29:01,C,13.054
30/06/2026, 00:59:01,C,13.054
30/06/2026, 01:29:01,C,13.054
30/06/2026, 01:59:01,C,13.054
30/06/2026, 02:29:01,C,13.054
30/06/2026, 02:59:01,C,13.054
30/06/2026, 03:29:01,C,13.054
30/06/2026, 03:59:01,C,12.553
30/06/2026, 04:29:01,C,12.553
30/06/2026, 04:59:01,C,12.052
30/06/2026, 05:29:01,C,12.052
30/06/2026, 05:59:01,C,12.553
30/06/2026, 06:29:01,C,13.054
30/06/2026, 06:59:01,C,14.055
30/06/2026, 07:29:01,C,15.057
30/06/2026, 07:59:01,C,15.558
30/06/2026, 08:29:01,C,15.558
30/06/2026, 08:59:01,C,16.058
30/06/2026, 09:29:01,C,16.058
30/06/2026, 09:59:01,C,16.559
30/06/2026, 10:29:01,C,17.06
30/06/2026, 10:59:01,C,17.56
30/06/2026, 11:29:01,C,18.061
30/06/2026, 11:59:01,C,18.061
30/06/2026, 12:29:01,C,17.56
30/06/2026, 12:59:01,C,18.061
30/06/2026, 13:29:01,C,19.062
30/06/2026, 13:59:01,C,19.562
30/06/2026, 14:29:01,C,19.562
30/06/2026, 14:59:01,C,19.062
30/06/2026, 15:29:01,C,19.562
30/06/2026, 15:59:01,C,19.562
30/06/2026, 16:29:01,C,19.562
30/06/2026, 16:59:01,C,18.561
30/06/2026, 17:29:01,C,17.06
30/06/2026, 17:59:01,C,15.558
30/06/2026, 18:29:01,C,15.558
30/06/2026, 18:59:01,C,15.057
30/06/2026, 19:29:01,C,15.558
30/06/2026, 19:59:01,C,15.057
30/06/2026, 20:29:01,C,15.057
30/06/2026, 20:59:01,C,15.057
30/06/2026, 21:29:01,C,15.057
30/06/2026, 21:59:01,C,14.556
30/06/2026, 22:29:01,C,14.556
30/06/2026, 22:59:01,C,14.055
30/06/2026, 23:29:01,C,14.055
30/06/2026, 23:59:01,C,13.555
01/07/2026, 00:29:01,C,12.553
01/07/2026, 00:59:01,C,12.052
01/07/2026, 01:29:01,C,11.551
01/07/2026, 01:59:01,C,11.05
01/07/2026, 02:29:01,C,10.549
01/07/2026, 02:59:01,C,11.05
01/07/2026, 03:29:01,C,11.551
01/07/2026, 03:59:01,C,11.551
01/07/2026, 04:29:01,C,12.052
01/07/2026, 04:59:01,C,12.052
01/07/2026, 05:29:01,C,12.553
01/07/2026, 05:59:01,C,12.553
01/07/2026, 06:29:01,C,13.054
01/07/2026, 06:59:01,C,13.555
01/07/2026, 07:29:01,C,14.556
01/07/2026, 07:59:01,C,15.057
01/07/2026, 08:29:01,C,16.559
01/07/2026, 08:59:01,C,16.058
01/07/2026, 09:29:01,C,16.559
01/07/2026, 09:59:01,C,16.058
01/07/2026, 10:29:01,C,17.06
01/07/2026, 10:59:01,C,16.559
01/07/2026, 11:29:01,C,15.558
01/07/2026, 11:59:01,C,16.058
01/07/2026, 12:29:01,C,16.058
01/07/2026, 12:59:01,C,15.057
01/07/2026, 13:29:01,C,15.558
01/07/2026, 13:59:01,C,16.058
01/07/2026, 14:29:01,C,16.058
01/07/2026, 14:59:01,C,16.058
01/07/2026, 15:29:01,C,15.558
01/07/2026, 15:59:01,C,15.558
01/07/2026, 16:29:01,C,15.558
01/07/2026, 16:59:01,C,15.558
01/07/2026, 17:29:01,C,15.057
01/07/2026, 17:59:01,C,14.556
01/07/2026, 18:29:01,C,14.055
01/07/2026, 18:59:01,C,13.555
01/07/2026, 19:29:01,C,13.555
01/07/2026, 19:59:01,C,13.054
01/07/2026, 20:29:01,C,12.553
01/07/2026, 20:59:01,C,13.054
01/07/2026, 21:29:01,C,13.555
01/07/2026, 21:59:01,C,13.555
01/07/2026, 22:29:01,C,14.055
01/07/2026, 22:59:01,C,14.055
01/07/2026, 23:29:01,C,14.556
01/07/2026, 23:59:01,C,14.556
02/07/2026, 00:29:01,C,14.556
02/07/2026, 00:59:01,C,15.057
02/07/2026, 01:29:01,C,15.057
02/07/2026, 01:59:01,C,14.556
02/07/2026, 02:29:01,C,14.556
02/07/2026, 02:59:01,C,14.055
02/07/2026, 03:29:01,C,13.054
02/07/2026, 03:59:01,C,12.052
02/07/2026, 04:29:01,C,12.052
02/07/2026, 04:59:01,C,12.052
02/07/2026, 05:29:01,C,12.052
02/07/2026, 05:59:01,C,12.052
02/07/2026, 06:29:01,C,12.052
02/07/2026, 06:59:01,C,12.052
02/07/2026, 07:29:01,C,12.052
02/07/2026, 07:59:01,C,12.553
02/07/2026, 08:29:01,C,12.553
02/07/2026, 08:59:01,C,12.553
02/07/2026, 09:29:01,C,12.553
02/07/2026, 09:59:01,C,13.054
02/07/2026, 10:29:01,C,13.555
02/07/2026, 10:59:01,C,13.555
02/07/2026, 11:29:01,C,14.556
02/07/2026, 11:59:01,C,15.057
02/07/2026, 12:29:01,C,16.559
02/07/2026, 12:59:01,C,16.058
02/07/2026, 13:29:01,C,15.057
02/07/2026, 13:59:01,C,16.058
02/07/2026, 14:29:01,C,14.556
02/07/2026, 14:59:01,C,15.558
02/07/2026, 15:29:01,C,15.057
02/07/2026, 15:59:01,C,15.057
02/07/2026, 16:29:01,C,15.057
02/07/2026, 16:59:01,C,16.058
02/07/2026, 17:29:01,C,15.057
02/07/2026, 17:59:01,C,14.556
02/07/2026, 18:29:01,C,15.057
02/07/2026, 18:59:01,C,14.556
02/07/2026, 19:29:01,C,14.055
02/07/2026, 19:59:01,C,13.555
02/07/2026, 20:29:01,C,13.054
02/07/2026, 20:59:01,C,12.553
02/07/2026, 21:29:01,C,12.553
02/07/2026, 21:59:01,C,12.553
02/07/2026, 22:29:01,C,12.052
02/07/2026, 22:59:01,C,12.052
02/07/2026, 23:29:01,C,11.551
02/07/2026, 23:59:01,C,12.052
03/07/2026, 00:29:01,C,12.052
03/07/2026, 00:59:01,C,11.551
03/07/2026, 01:29:01,C,12.052
03/07/2026, 01:59:01,C,12.052
03/07/2026, 02:29:01,C,11.551
03/07/2026, 02:59:01,C,11.551
03/07/2026, 03:29:01,C,11.05
03/07/2026, 03:59:01,C,10.549
03/07/2026, 04:29:01,C,11.05
03/07/2026, 04:59:01,C,12.052
03/07/2026, 05:29:01,C,12.553
03/07/2026, 05:59:01,C,12.553
03/07/2026, 06:29:01,C,12.553
03/07/2026, 06:59:01,C,12.553
03/07/2026, 07:29:01,C,12.553
03/07/2026, 07:59:01,C,13.054
03/07/2026, 08:29:01,C,13.054
03/07/2026, 08:59:01,C,13.054
03/07/2026, 09:29:01,C,13.555
03/07/2026, 09:59:01,C,13.555
03/07/2026, 10:29:01,C,13.555
03/07/2026, 10:59:01,C,14.556
03/07/2026, 11:29:01,C,15.057
03/07/2026, 11:59:01,C,15.057
03/07/2026, 12:29:01,C,15.558
03/07/2026, 12:59:01,C,16.058
03/07/2026, 13:29:01,C,16.559
03/07/2026, 13:59:01,C,16.559
03/07/2026, 14:29:01,C,16.559
03/07/2026, 14:59:01,C,16.058
03/07/2026, 15:29:01,C,16.058
03/07/2026, 15:59:01,C,15.057
03/07/2026, 16:29:01,C,15.057
03/07/2026, 16:59:01,C,15.558
03/07/2026, 17:29:01,C,15.558
03/07/2026, 17:59:01,C,15.558
03/07/2026, 18:29:01,C,15.057
03/07/2026, 18:59:01,C,14.556
03/07/2026, 19:29:01,C,14.055
03/07/2026, 19:59:01,C,13.555
03/07/2026, 20:29:01,C,13.555
03/07/2026, 20:59:01,C,13.555
03/07/2026, 21:29:01,C,13.555
03/07/2026, 21:59:01,C,14.055
03/07/2026, 22:29:01,C,14.055
03/07/2026, 22:59:01,C,14.556
03/07/2026, 23:29:01,C,14.556
03/07/2026, 23:59:01,C,15.057
04/07/2026, 00:29:01,C,15.057
04/07/2026, 00:59:01,C,15.057
04/07/2026, 01:29:01,C,15.057
04/07/2026, 01:59:01,C,14.556
04/07/2026, 02:29:01,C,14.556
04/07/2026, 02:59:01,C,15.057
04/07/2026, 03:29:01,C,15.057
04/07/2026, 03:59:01,C,14.556
04/07/2026, 04:29:01,C,14.556
04/07/2026, 04:59:01,C,14.556
04/07/2026, 05:29:01,C,14.556
04/07/2026, 05:59:01,C,14.556
04/07/2026, 06:29:01,C,14.556
04/07/2026, 06:59:01,C,14.556
04/07/2026, 07:29:01,C,14.556
04/07/2026, 07:59:01,C,15.057
04/07/2026, 08:29:01,C,15.057
04/07/2026, 08:59:01,C,15.057
04/07/2026, 09:29:01,C,15.558
04/07/2026, 09:59:01,C,15.057
04/07/2026, 10:29:01,C,15.558
04/07/2026, 10:59:01,C,15.558
04/07/2026, 11:29:01,C,15.558
04/07/2026, 11:59:01,C,15.558
04/07/2026, 12:29:01,C,16.058
04/07/2026, 12:59:01,C,15.558
04/07/2026, 13:29:01,C,20.062
04/07/2026, 13:59:01,C,15.558
04/07/2026, 14:29:01,C,16.058
04/07/2026, 14:59:01,C,15.558
04/07/2026, 15:29:01,C,16.058
04/07/2026, 15:59:01,C,16.058
04/07/2026, 16:29:01,C,16.058
04/07/2026, 16:59:01,C,16.058
04/07/2026, 17:29:01,C,15.558
04/07/2026, 17:59:01,C,15.558
04/07/2026, 18:29:01,C,15.558
04/07/2026, 18:59:01,C,15.558
04/07/2026, 19:29:01,C,15.558
04/07/2026, 19:59:01,C,15.558
04/07/2026, 20:29:01,C,15.558
04/07/2026, 20:59:01,C,15.558
04/07/2026, 21:29:01,C,15.558
04/07/2026, 21:59:01,C,15.558
04/07/2026, 22:29:01,C,15.558
04/07/2026, 22:59:01,C,15.558
04/07/2026, 23:29:01,C,15.558
04/07/2026, 23:59:01,C,15.057
05/07/2026, 00:29:01,C,15.057
05/07/2026, 00:59:01,C,15.057
05/07/2026, 01:29:01,C,15.057
05/07/2026, 01:59:01,C,15.057
05/07/2026, 02:29:01,C,14.556
05/07/2026, 02:59:01,C,14.556
05/07/2026, 03:29:01,C,14.556
05/07/2026, 03:59:01,C,14.055
05/07/2026, 04:29:01,C,14.055
05/07/2026, 04:59:01,C,14.055
05/07/2026, 05:29:01,C,14.055
05/07/2026, 05:59:01,C,14.055
05/07/2026, 06:29:01,C,14.055
05/07/2026, 06:59:01,C,14.055
05/07/2026, 07:29:01,C,14.055
05/07/2026, 07:59:01,C,14.055
05/07/2026, 08:29:01,C,15.057
05/07/2026, 08:59:01,C,15.057
05/07/2026, 09:29:01,C,14.556
05/07/2026, 09:59:01,C,15.057
05/07/2026, 10:29:01,C,15.057
05/07/2026, 10:59:01,C,15.057
05/07/2026, 11:29:01,C,15.558
05/07/2026, 11:59:01,C,15.558
05/07/2026, 12:29:01,C,15.558
05/07/2026, 12:59:01,C,16.058
05/07/2026, 13:29:01,C,16.559
05/07/2026, 13:59:01,C,16.058
05/07/2026, 14:29:01,C,16.559
05/07/2026, 14:59:01,C,16.058
05/07/2026, 15:29:01,C,16.559
05/07/2026, 15:59:01,C,16.559
05/07/2026, 16:29:01,C,16.058
05/07/2026, 16:59:01,C,16.058
05/07/2026, 17:29:01,C,16.058
05/07/2026, 17:59:01,C,16.058
05/07/2026, 18:29:01,C,16.058
05/07/2026, 18:59:01,C,15.558
05/07/2026, 19:29:01,C,15.558
05/07/2026, 19:59:01,C,15.558
05/07/2026, 20:29:01,C,15.558
05/07/2026, 20:59:01,C,15.558
05/07/2026, 21:29:01,C,15.558
05/07/2026, 21:59:01,C,15.558
05/07/2026, 22:29:01,C,15.558
05/07/2026, 22:59:01,C,15.558
05/07/2026, 23:29:01,C,15.558
05/07/2026, 23:59:01,C,15.057
06/07/2026, 00:29:01,C,15.057
06/07/2026, 00:59:01,C,15.057
06/07/2026, 01:29:01,C,15.057
06/07/2026, 01:59:01,C,15.057
06/07/2026, 02:29:01,C,15.057
06/07/2026, 02:59:01,C,15.057
06/07/2026, 03:29:01,C,15.057
06/07/2026, 03:59:01,C,15.057
06/07/2026, 04:29:01,C,15.057
06/07/2026, 04:59:01,C,15.057
06/07/2026, 05:29:01,C,15.057
06/07/2026, 05:59:01,C,15.057
06/07/2026, 06:29:01,C,15.057
06/07/2026, 06:59:01,C,15.057
06/07/2026, 07:29:01,C,15.057
06/07/2026, 07:59:01,C,15.057
06/07/2026, 08:29:01,C,15.558
06/07/2026, 08:59:01,C,15.558
06/07/2026, 09:29:01,C,17.06
06/07/2026, 09:59:01,C,17.06
06/07/2026, 10:29:01,C,17.56
06/07/2026, 10:59:01,C,17.56
06/07/2026, 11:29:01,C,17.56
06/07/2026, 11:59:01,C,18.561
06/07/2026, 12:29:01,C,18.061
06/07/2026, 12:59:01,C,19.062
06/07/2026, 13:29:01,C,17.06
06/07/2026, 13:59:01,C,17.56
06/07/2026, 14:29:01,C,17.56
06/07/2026, 14:59:01,C,17.56
06/07/2026, 15:29:01,C,18.561
06/07/2026, 15:59:01,C,18.561
06/07/2026, 16:29:01,C,19.062
06/07/2026, 16:59:01,C,18.561
06/07/2026, 17:29:01,C,19.062
06/07/2026, 17:59:01,C,18.061
06/07/2026, 18:29:01,C,17.56
06/07/2026, 18:59:01,C,17.06
06/07/2026, 19:29:01,C,16.559
06/07/2026, 19:59:01,C,16.559
06/07/2026, 20:29:01,C,16.559
06/07/2026, 20:59:01,C,16.058
06/07/2026, 21:29:01,C,15.558
06/07/2026, 21:59:01,C,15.057
06/07/2026, 22:29:01,C,15.057
06/07/2026, 22:59:01,C,15.057
06/07/2026, 23:29:01,C,14.556
06/07/2026, 23:59:01,C,14.556
07/07/2026, 00:29:01,C,14.556
07/07/2026, 00:59:01,C,14.556
07/07/2026, 01:29:01,C,14.556
07/07/2026, 01:59:01,C,14.055
07/07/2026, 02:29:01,C,14.055
07/07/2026, 02:59:01,C,14.556
07/07/2026, 03:29:01,C,15.057
07/07/2026, 03:59:01,C,15.057
07/07/2026, 04:29:01,C,15.057
07/07/2026, 04:59:01,C,15.057
07/07/2026, 05:29:01,C,15.057
07/07/2026, 05:59:01,C,14.556
07/07/2026, 06:29:01,C,14.556
07/07/2026, 06:59:01,C,14.055
07/07/2026, 07:29:01,C,14.055
07/07/2026, 07:59:01,C,14.556
07/07/2026, 08:29:01,C,14.055
07/07/2026, 08:59:01,C,14.556
07/07/2026, 09:29:01,C,14.556
07/07/2026, 09:59:01,C,15.057
07/07/2026, 10:29:01,C,15.057
07/07/2026, 10:59:01,C,14.556
07/07/2026, 11:29:01,C,15.057
07/07/2026, 11:59:01,C,16.559
07/07/2026, 12:29:01,C,15.558
07/07/2026, 12:59:01,C,18.061
07/07/2026, 13:29:01,C,17.56
07/07/2026, 13:59:01,C,17.56
07/07/2026, 14:29:01,C,17.06
07/07/2026, 14:59:01,C,17.06
07/07/2026, 15:29:01,C,16.559
07/07/2026, 15:59:01,C,17.06
07/07/2026, 16:29:01,C,16.559
07/07/2026, 16:59:01,C,16.559
07/07/2026, 17:29:01,C,16.058
07/07/2026, 17:59:01,C,16.058
07/07/2026, 18:29:01,C,16.058
07/07/2026, 18:59:01,C,16.559
07/07/2026, 19:29:01,C,16.559
07/07/2026, 19:59:01,C,16.559
07/07/2026, 20:29:01,C,16.559
07/07/2026, 20:59:01,C,16.058
07/07/2026, 21:29:01,C,16.058
07/07/2026, 21:59:01,C,16.058
07/07/2026, 22:29:01,C,16.058
07/07/2026, 22:59:01,C,15.558
07/07/2026, 23:29:01,C,15.558
07/07/2026, 23:59:01,C,15.558
08/07/2026, 00:29:01,C,15.558
08/07/2026, 00:59:01,C,15.558
08/07/2026, 01:29:01,C,15.057
08/07/2026, 01:59:01,C,15.558
08/07/2026, 02:29:01,C,15.558
08/07/2026, 02:59:01,C,15.558
08/07/2026, 03:29:01,C,15.558
08/07/2026, 03:59:01,C,15.558
08/07/2026, 04:29:01,C,16.058
08/07/2026, 04:59:01,C,16.559
08/07/2026, 05:29:01,C,17.56
08/07/2026, 05:59:01,C,16.559
08/07/2026, 06:29:01,C,17.06
08/07/2026, 06:59:01,C,16.559
08/07/2026, 07:29:01,C,18.561
08/07/2026, 07:59:01,C,20.062
08/07/2026, 08:29:01,C,20.563
08/07/2026, 08:59:01,C,21.563
08/07/2026, 09:29:01,C,21.063
08/07/2026, 09:59:01,C,21.563
08/07/2026, 10:29:01,C,22.064
08/07/2026, 10:59:01,C,21.563
08/07/2026, 11:29:01,C,21.563
08/07/2026, 11:59:01,C,22.064
08/07/2026, 12:29:01,C,23.064
08/07/2026, 12:59:01,C,22.564
08/07/2026, 13:29:01,C,23.564
08/07/2026, 13:59:01,C,22.564
08/07/2026, 14:29:01,C,23.064
08/07/2026, 14:59:01,C,23.564
08/07/2026, 15:29:01,C,23.564
08/07/2026, 15:59:01,C,24.064
08/07/2026, 16:29:01,C,24.064
08/07/2026, 16:59:01,C,25.064
08/07/2026, 17:29:01,C,23.564
08/07/2026, 17:59:01,C,23.564
08/07/2026, 18:29:01,C,23.564
08/07/2026, 18:59:01,C,24.064
08/07/2026, 19:29:01,C,22.064
08/07/2026, 19:59:01,C,19.562
08/07/2026, 20:29:01,C,19.062
08/07/2026, 20:59:01,C,18.561
08/07/2026, 21:29:01,C,17.56
08/07/2026, 21:59:01,C,16.559
08/07/2026, 22:29:01,C,15.558
08/07/2026, 22:59:01,C,15.057
08/07/2026, 23:29:01,C,14.556
08/07/2026, 23:59:01,C,13.555
09/07/2026, 00:29:01,C,13.555
09/07/2026, 00:59:01,C,12.553
09/07/2026, 01:29:01,C,12.553
09/07/2026, 01:59:01,C,12.553
09/07/2026, 02:29:01,C,12.052
09/07/2026, 02:59:01,C,12.052
09/07/2026, 03:29:01,C,12.052
09/07/2026, 03:59:01,C,12.052
09/07/2026, 04:29:01,C,12.052
09/07/2026, 04:59:01,C,12.052
09/07/2026, 05:29:01,C,12.052
09/07/2026, 05:59:01,C,12.052
09/07/2026, 06:29:01,C,12.052
09/07/2026, 06:59:01,C,14.556
09/07/2026, 07:29:01,C,16.559
09/07/2026, 07:59:01,C,18.561
09/07/2026, 08:29:01,C,20.062
09/07/2026, 08:59:01,C,20.563
09/07/2026, 09:29:01,C,21.563
09/07/2026, 09:59:01,C,22.064
09/07/2026, 10:29:01,C,23.564
09/07/2026, 10:59:01,C,23.564
09/07/2026, 11:29:01,C,23.064
09/07/2026, 11:59:01,C,23.564
09/07/2026, 12:29:01,C,25.064
09/07/2026, 12:59:01,C,24.564
09/07/2026, 13:29:01,C,25.064
09/07/2026, 13:59:01,C,24.564
09/07/2026, 14:29:01,C,25.064
09/07/2026, 14:59:01,C,24.564
09/07/2026, 15:29:01,C,24.564
09/07/2026, 15:59:01,C,25.064
09/07/2026, 16:29:01,C,24.564
09/07/2026, 16:59:01,C,24.064
09/07/2026, 17:29:01,C,24.564
09/07/2026, 17:59:01,C,25.564
09/07/2026, 18:29:01,C,25.064
09/07/2026, 18:59:01,C,23.064
09/07/2026, 19:29:01,C,22.064
09/07/2026, 19:59:01,C,20.563
09/07/2026, 20:29:01,C,19.562
09/07/2026, 20:59:01,C,18.561
09/07/2026, 21:29:01,C,17.56
09/07/2026, 21:59:01,C,17.06
09/07/2026, 22:29:01,C,16.058
09/07/2026, 22:59:01,C,16.058
09/07/2026, 23:29:01,C,15.558
09/07/2026, 23:59:01,C,15.057
10/07/2026, 00:29:01,C,15.057
10/07/2026, 00:59:01,C,14.556
10/07/2026, 01:29:01,C,14.556
10/07/2026, 01:59:01,C,14.055
10/07/2026, 02:29:01,C,13.555
10/07/2026, 02:59:01,C,13.555
10/07/2026, 03:29:01,C,13.054
10/07/2026, 03:59:01,C,14.055
10/07/2026, 04:29:01,C,13.555
10/07/2026, 04:59:01,C,13.555
10/07/2026, 05:29:01,C,14.055
10/07/2026, 05:59:01,C,14.556
10/07/2026, 06:29:01,C,14.556
10/07/2026, 06:59:01,C,16.559
10/07/2026, 07:29:01,C,18.061
10/07/2026, 07:59:01,C,20.563
10/07/2026, 08:29:01,C,22.564
10/07/2026, 08:59:01,C,24.064
10/07/2026, 09:29:01,C,24.064
10/07/2026, 09:59:01,C,25.564
10/07/2026, 10:29:01,C,27.564
10/07/2026, 10:59:01,C,26.564
10/07/2026, 11:29:01,C,26.564
10/07/2026, 11:59:01,C,26.564
10/07/2026, 12:29:01,C,28.064
10/07/2026, 12:59:01,C,28.564
10/07/2026, 13:29:01,C,28.064
10/07/2026, 13:59:01,C,28.564
10/07/2026, 14:29:01,C,27.564
10/07/2026, 14:59:01,C,28.564
10/07/2026, 15:29:01,C,28.564
10/07/2026, 15:59:01,C,29.063
10/07/2026, 16:29:01,C,28.564
10/07/2026, 16:59:01,C,29.063
10/07/2026, 17:29:01,C,28.064
10/07/2026, 17:59:01,C,30.563
10/07/2026, 18:29:01,C,29.063
10/07/2026, 18:59:01,C,28.564
10/07/2026, 19:29:01,C,25.564
10/07/2026, 19:59:01,C,24.564
10/07/2026, 20:29:01,C,24.064
10/07/2026, 20:59:01,C,23.064
10/07/2026, 21:29:01,C,22.564
10/07/2026, 21:59:01,C,23.064
10/07/2026, 22:29:01,C,23.064
10/07/2026, 22:59:01,C,22.064
10/07/2026, 23:29:01,C,22.064
10/07/2026, 23:59:01,C,22.064
11/07/2026, 00:29:01,C,21.063
11/07/2026, 00:59:01,C,20.563
11/07/2026, 01:29:01,C,19.062
11/07/2026, 01:59:01,C,18.561
11/07/2026, 02:29:01,C,18.061
11/07/2026, 02:59:01,C,17.56
11/07/2026, 03:29:01,C,18.061
11/07/2026, 03:59:01,C,17.56
11/07/2026, 04:29:01,C,17.06
11/07/2026, 04:59:01,C,16.559
11/07/2026, 05:29:01,C,16.058
11/07/2026, 05:59:01,C,16.058
11/07/2026, 06:29:01,C,16.559
11/07/2026, 06:59:01,C,18.561
11/07/2026, 07:29:01,C,19.562
11/07/2026, 07:59:01,C,21.063
11/07/2026, 08:29:01,C,22.064
11/07/2026, 08:59:01,C,23.064
11/07/2026, 09:29:01,C,23.064
11/07/2026, 09:59:01,C,23.564
11/07/2026, 10:29:01,C,24.564
11/07/2026, 10:59:01,C,24.564
11/07/2026, 11:29:01,C,25.064
11/07/2026, 11:59:01,C,25.564
11/07/2026, 12:29:01,C,26.064
11/07/2026, 12:59:01,C,27.064
11/07/2026, 13:29:01,C,27.064
11/07/2026, 13:59:01,C,26.564
11/07/2026, 14:29:01,C,26.564
11/07/2026, 14:59:01,C,26.564
11/07/2026, 15:29:01,C,26.564
11/07/2026, 15:59:01,C,26.064
11/07/2026, 16:29:01,C,26.564
11/07/2026, 16:59:01,C,26.064
11/07/2026, 17:29:01,C,26.064
11/07/2026, 17:59:01,C,25.064
11/07/2026, 18:29:01,C,23.064
11/07/2026, 18:59:01,C,22.564
11/07/2026, 19:29:01,C,22.064
11/07/2026, 19:59:01,C,22.064
11/07/2026, 20:29:01,C,21.563
11/07/2026, 20:59:01,C,21.063
11/07/2026, 21:29:01,C,20.563
11/07/2026, 21:59:01,C,19.562
11/07/2026, 22:29:01,C,19.562
11/07/2026, 22:59:01,C,19.562
11/07/2026, 23:29:01,C,18.561
11/07/2026, 23:59:01,C,18.561
12/07/2026, 00:29:01,C,18.061
12/07/2026, 00:59:01,C,18.061
12/07/2026, 01:29:01,C,17.56
12/07/2026, 01:59:01,C,17.06
12/07/2026, 02:29:01,C,16.559
12/07/2026, 02:59:01,C,17.56
12/07/2026, 03:29:01,C,17.56
12/07/2026, 03:59:01,C,17.06
12/07/2026, 04:29:01,C,17.06
12/07/2026, 04:59:01,C,17.56
12/07/2026, 05:29:01,C,18.061
12/07/2026, 05:59:01,C,17.56
12/07/2026, 06:29:01,C,17.56
12/07/2026, 06:59:01,C,18.561
12/07/2026, 07:29:01,C,19.062
12/07/2026, 07:59:01,C,20.062
12/07/2026, 08:29:01,C,20.563
12/07/2026, 08:59:01,C,21.063
12/07/2026, 09:29:01,C,21.063
12/07/2026, 09:59:01,C,22.064
12/07/2026, 10:29:01,C,22.564
12/07/2026, 10:59:01,C,22.564
12/07/2026, 11:29:01,C,22.564
12/07/2026, 11:59:01,C,22.564
12/07/2026, 12:29:01,C,23.064
12/07/2026, 12:59:01,C,23.564
12/07/2026, 13:29:01,C,23.064
12/07/2026, 13:59:01,C,23.564
12/07/2026, 14:29:01,C,23.064
12/07/2026, 14:59:01,C,23.564
12/07/2026, 15:29:01,C,23.564
12/07/2026, 15:59:01,C,23.564
12/07/2026, 16:29:01,C,23.064
12/07/2026, 16:59:01,C,23.064
12/07/2026, 17:29:01,C,23.564
12/07/2026, 17:59:01,C,23.064
12/07/2026, 18:29:01,C,22.564
12/07/2026, 18:59:01,C,21.563
12/07/2026, 19:29:01,C,20.563
12/07/2026, 19:59:01,C,19.562
12/07/2026, 20:29:01,C,19.062
12/07/2026, 20:59:01,C,18.561
12/07/2026, 21:29:01,C,18.561
12/07/2026, 21:59:01,C,18.561
12/07/2026, 22:29:01,C,18.061
12/07/2026, 22:59:01,C,17.56
12/07/2026, 23:29:01,C,17.06
12/07/2026, 23:59:01,C,16.559
13/07/2026, 00:29:01,C,16.058
13/07/2026, 00:59:01,C,15.558
13/07/2026, 01:29:01,C,15.558
13/07/2026, 01:59:01,C,14.556
13/07/2026, 02:29:01,C,13.555
13/07/2026, 02:59:01,C,13.054
13/07/2026, 03:29:01,C,13.054
13/07/2026, 03:59:01,C,12.553
13/07/2026, 04:29:01,C,11.551
13/07/2026, 04:59:01,C,11.05
13/07/2026, 05:29:01,C,11.05
13/07/2026, 05:59:01,C,11.05
13/07/2026, 06:29:01,C,11.551
13/07/2026, 06:59:01,C,13.054
13/07/2026, 07:29:01,C,14.055
13/07/2026, 07:59:01,C,15.057
13/07/2026, 08:29:01,C,17.06
13/07/2026, 08:59:01,C,17.06
13/07/2026, 09:29:01,C,17.56
13/07/2026, 09:59:01,C,18.061
13/07/2026, 10:29:01,C,19.562
13/07/2026, 10:59:01,C,20.062
13/07/2026, 11:29:01,C,20.563
13/07/2026, 11:59:01,C,20.563
13/07/2026, 12:29:01,C,21.563
13/07/2026, 12:59:01,C,22.064
13/07/2026, 13:29:01,C,22.564
13/07/2026, 13:59:01,C,22.064
13/07/2026, 14:29:01,C,22.064
13/07/2026, 14:59:01,C,23.064
13/07/2026, 15:29:01,C,22.564
13/07/2026, 15:59:01,C,22.564
13/07/2026, 16:29:01,C,22.564
13/07/2026, 16:59:01,C,22.564
13/07/2026, 17:29:01,C,22.564
13/07/2026, 17:59:01,C,22.064
13/07/2026, 18:29:01,C,22.564
13/07/2026, 18:59:01,C,21.563
13/07/2026, 19:29:01,C,20.062
13/07/2026, 19:59:01,C,18.561
13/07/2026, 20:29:01,C,18.061
13/07/2026, 20:59:01,C,17.06
13/07/2026, 21:29:01,C,16.559
13/07/2026, 21:59:01,C,16.058
13/07/2026, 22:29:01,C,16.559
13/07/2026, 22:59:01,C,16.058
13/07/2026, 23:29:01,C,14.556
13/07/2026, 23:59:01,C,14.055
14/07/2026, 00:29:01,C,15.558
14/07/2026, 00:59:01,C,14.055
14/07/2026, 01:29:01,C,15.558
14/07/2026, 01:59:01,C,13.054
14/07/2026, 02:29:01,C,12.052
14/07/2026, 02:59:01,C,11.551
14/07/2026, 03:29:01,C,11.551
14/07/2026, 03:59:01,C,11.551
14/07/2026, 04:29:01,C,11.05
14/07/2026, 04:59:01,C,11.551
14/07/2026, 05:29:01,C,11.551
14/07/2026, 05:59:01,C,10.549
14/07/2026, 06:29:01,C,12.052
14/07/2026, 06:59:01,C,14.556
14/07/2026, 07:29:01,C,16.058
14/07/2026, 07:59:01,C,18.061
14/07/2026, 08:29:01,C,19.062
14/07/2026, 08:59:01,C,19.062
14/07/2026, 09:29:01,C,20.062
14/07/2026, 09:59:01,C,20.563
14/07/2026, 10:29:01,C,22.564
14/07/2026, 10:59:01,C,21.563
14/07/2026, 11:29:01,C,22.064
14/07/2026, 11:59:01,C,22.564
14/07/2026, 12:29:01,C,23.064
14/07/2026, 12:59:01,C,23.564
14/07/2026, 13:29:01,C,23.564
14/07/2026, 13:59:01,C,23.564
14/07/2026, 14:29:01,C,23.564
14/07/2026, 14:59:01,C,23.564
14/07/2026, 15:29:01,C,23.064
14/07/2026, 15:59:01,C,23.064
14/07/2026, 16:29:01,C,23.064
14/07/2026, 16:59:01,C,23.564
14/07/2026, 17:29:01,C,23.064
14/07/2026, 17:59:01,C,23.064
14/07/2026, 18:29:01,C,23.564
14/07/2026, 18:59:01,C,22.064
14/07/2026, 19:29:01,C,21.063
14/07/2026, 19:59:01,C,20.563
14/07/2026, 20:29:01,C,19.562
14/07/2026, 20:59:01,C,19.062
14/07/2026, 21:29:01,C,18.561
14/07/2026, 21:59:01,C,18.061
14/07/2026, 22:29:01,C,16.559
14/07/2026, 22:59:01,C,16.058
14/07/2026, 23:29:01,C,15.057
14/07/2026, 23:59:01,C,15.057
15/07/2026, 00:29:01,C,14.556
15/07/2026, 00:59:01,C,14.055
15/07/2026, 01:29:01,C,13.555
15/07/2026, 01:59:01,C,13.555
15/07/2026, 02:29:01,C,12.553
15/07/2026, 02:59:01,C,12.553
15/07/2026, 03:29:01,C,11.551
15/07/2026, 03:59:01,C,12.052
15/07/2026, 04:29:01,C,12.052
15/07/2026, 04:59:01,C,12.052
15/07/2026, 05:29:01,C,12.553
15/07/2026, 05:59:01,C,11.551
15/07/2026, 06:29:01,C,12.052
15/07/2026, 06:59:01,C,14.055
15/07/2026, 07:29:01,C,16.058
15/07/2026, 07:59:01,C,18.061
15/07/2026, 08:29:01,C,19.562
15/07/2026, 08:59:01,C,20.062
15/07/2026, 09:29:01,C,21.563
15/07/2026, 09:59:01,C,22.064
15/07/2026, 10:29:01,C,24.564
15/07/2026, 10:59:01,C,23.564
15/07/2026, 11:29:01,C,23.564
15/07/2026, 11:59:01,C,24.064
15/07/2026, 12:29:01,C,25.564
15/07/2026, 12:59:01,C,24.064
15/07/2026, 13:29:01,C,25.064
15/07/2026, 13:59:01,C,25.564
15/07/2026, 14:29:01,C,24.564
15/07/2026, 14:59:01,C,25.564
15/07/2026, 15:29:01,C,25.564
15/07/2026, 15:59:01,C,26.064
15/07/2026, 16:29:01,C,24.564
15/07/2026, 16:59:01,C,26.064
15/07/2026, 17:29:01,C,26.564
15/07/2026, 17:59:01,C,26.564
15/07/2026, 18:29:01,C,26.064
15/07/2026, 18:59:01,C,24.564
15/07/2026, 19:29:01,C,22.564
15/07/2026, 19:59:01,C,21.063
15/07/2026, 20:29:01,C,20.563
15/07/2026, 20:59:01,C,19.562
15/07/2026, 21:29:01,C,18.561
15/07/2026, 21:59:01,C,17.56
15/07/2026, 22:29:01,C,16.559
15/07/2026, 22:59:01,C,15.057
15/07/2026, 23:29:01,C,14.556
15/07/2026, 23:59:01,C,13.555
16/07/2026, 00:29:01,C,13.555
16/07/2026, 00:59:01,C,12.553
16/07/2026, 01:29:01,C,12.052
16/07/2026, 01:59:01,C,11.551
16/07/2026, 02:29:01,C,11.05
16/07/2026, 02:59:01,C,10.549
16/07/2026, 03:29:01,C,10.549
16/07/2026, 03:59:01,C,10.048
16/07/2026, 04:29:01,C,10.048
16/07/2026, 04:59:01,C,9.547
16/07/2026, 05:29:01,C,9.547
16/07/2026, 05:59:01,C,9.547
16/07/2026, 06:29:01,C,9.547
16/07/2026, 06:59:01,C,10.549
16/07/2026, 07:29:01,C,12.553
16/07/2026, 07:59:01,C,14.556
16/07/2026, 08:29:01,C,17.56
16/07/2026, 08:59:01,C,18.561
16/07/2026, 09:29:01,C,20.062
16/07/2026, 09:59:01,C,21.063
16/07/2026, 10:29:01,C,23.064
16/07/2026, 10:59:01,C,23.064
16/07/2026, 11:29:01,C,22.564
16/07/2026, 11:59:01,C,22.564
16/07/2026, 12:29:01,C,23.564
16/07/2026, 12:59:01,C,24.564
16/07/2026, 13:29:01,C,25.564
16/07/2026, 13:59:01,C,24.564
16/07/2026, 14:29:01,C,24.564
16/07/2026, 14:59:01,C,24.564
16/07/2026, 15:29:01,C,23.564
16/07/2026, 15:59:01,C,24.064
16/07/2026, 16:29:01,C,23.564
16/07/2026, 16:59:01,C,23.064
16/07/2026, 17:29:01,C,21.563
16/07/2026, 17:59:01,C,22.564
16/07/2026, 18:29:01,C,23.564
16/07/2026, 18:59:01,C,22.064
16/07/2026, 19:29:01,C,22.064
16/07/2026, 19:59:01,C,20.563
16/07/2026, 20:29:01,C,20.062
16/07/2026, 20:59:01,C,19.062
16/07/2026, 21:29:01,C,18.061
16/07/2026, 21:59:01,C,16.559
16/07/2026, 22:29:01,C,16.058
16/07/2026, 22:59:01,C,15.558
16/07/2026, 23:29:01,C,15.057
16/07/2026, 23:59:01,C,15.057
17/07/2026, 00:29:01,C,14.556
17/07/2026, 00:59:01,C,14.055
17/07/2026, 01:29:01,C,14.055
17/07/2026, 01:59:01,C,14.055
17/07/2026, 02:29:01,C,14.055
17/07/2026, 02:59:01,C,14.055
17/07/2026, 03:29:01,C,13.054
17/07/2026, 03:59:01,C,13.054
17/07/2026, 04:29:01,C,13.054
17/07/2026, 04:59:01,C,13.054
17/07/2026, 05:29:01,C,13.054
17/07/2026, 05:59:01,C,14.556
17/07/2026, 06:29:01,C,14.055
17/07/2026, 06:59:01,C,15.057
17/07/2026, 07:29:01,C,14.556
17/07/2026, 07:59:01,C,16.058
17/07/2026, 08:29:01,C,16.058
17/07/2026, 08:59:01,C,17.06
17/07/2026, 09:29:01,C,17.06
17/07/2026, 09:59:01,C,18.561
17/07/2026, 10:29:01,C,19.062
17/07/2026, 10:59:01,C,19.062
17/07/2026, 11:29:01,C,20.062
17/07/2026, 11:59:01,C,20.563
17/07/2026, 12:29:01,C,21.063
17/07/2026, 12:59:01,C,21.563
17/07/2026, 13:29:01,C,21.563
17/07/2026, 13:59:01,C,21.563
17/07/2026, 14:29:01,C,21.563
17/07/2026, 14:59:01,C,23.064
17/07/2026, 15:29:01,C,21.563
17/07/2026, 15:59:01,C,22.564
17/07/2026, 16:29:01,C,22.564
17/07/2026, 16:59:01,C,21.063
17/07/2026, 17:29:01,C,22.564
17/07/2026, 17:59:01,C,22.064
17/07/2026, 18:29:01,C,22.564
17/07/2026, 18:59:01,C,21.063
17/07/2026, 19:29:01,C,19.562
17/07/2026, 19:59:01,C,18.561
17/07/2026, 20:29:01,C,17.56
17/07/2026, 20:59:01,C,16.559
17/07/2026, 21:29:01,C,16.058
17/07/2026, 21:59:01,C,14.556
17/07/2026, 22:29:01,C,14.556
17/07/2026, 22:59:01,C,13.555
17/07/2026, 23:29:01,C,13.054
17/07/2026, 23:59:01,C,12.553
18/07/2026, 00:29:01,C,12.553
18/07/2026, 00:59:01,C,12.052
18/07/2026, 01:29:01,C,11.551
18/07/2026, 01:59:01,C,10.549
18/07/2026, 02:29:01,C,10.549
18/07/2026, 02:59:01,C,10.048
18/07/2026, 03:29:01,C,10.048
18/07/2026, 03:59:01,C,10.549
18/07/2026, 04:29:01,C,10.549
18/07/2026, 04:59:01,C,10.048
18/07/2026, 05:29:01,C,10.549
18/07/2026, 05:59:01,C,10.549
18/07/2026, 06:29:01,C,11.05
18/07/2026, 06:59:01,C,12.553
18/07/2026, 07:29:01,C,13.555
18/07/2026, 07:59:01,C,15.057
18/07/2026, 08:29:01,C,15.558
18/07/2026, 08:59:01,C,16.058
18/07/2026, 09:29:01,C,17.06
18/07/2026, 09:59:01,C,18.061
18/07/2026, 10:29:01,C,19.062
18/07/2026, 10:59:01,C,17.56
18/07/2026, 11:29:01,C,18.061
18/07/2026, 11:59:01,C,19.062
18/07/2026, 12:29:01,C,19.062
18/07/2026, 12:59:01,C,18.061
18/07/2026, 13:29:01,C,18.061
18/07/2026, 13:59:01,C,18.561
18/07/2026, 14:29:01,C,18.561
18/07/2026, 14:59:01,C,19.562
18/07/2026, 15:29:01,C,20.563
18/07/2026, 15:59:01,C,20.062
18/07/2026, 16:29:01,C,19.562
18/07/2026, 16:59:01,C,19.562
18/07/2026, 17:29:01,C,20.563
18/07/2026, 17:59:01,C,20.062
18/07/2026, 18:29:01,C,20.563
18/07/2026, 18:59:01,C,19.062
18/07/2026, 19:29:01,C,17.56
18/07/2026, 19:59:01,C,16.559
18/07/2026, 20:29:01,C,16.058
18/07/2026, 20:59:01,C,15.057
18/07/2026, 21:29:01,C,14.556
18/07/2026, 21:59:01,C,14.055
18/07/2026, 22:29:01,C,13.054
18/07/2026, 22:59:01,C,13.054
18/07/2026, 23:29:01,C,12.553
18/07/2026, 23:59:01,C,12.553
19/07/2026, 00:29:01,C,12.553
19/07/2026, 00:59:01,C,12.052
19/07/2026, 01:29:01,C,11.551
19/07/2026, 01:59:01,C,10.549
19/07/2026, 02:29:01,C,10.048
19/07/2026, 02:59:01,C,10.048
19/07/2026, 03:29:01,C,9.547
19/07/2026, 03:59:01,C,9.046
19/07/2026, 04:29:01,C,9.046
19/07/2026, 04:59:01,C,9.046
19/07/2026, 05:29:01,C,8.544
19/07/2026, 05:59:01,C,8.544
19/07/2026, 06:29:01,C,9.046
19/07/2026, 06:59:01,C,9.547
19/07/2026, 07:29:01,C,11.05
19/07/2026, 07:59:01,C,12.553
19/07/2026, 08:29:01,C,14.055
19/07/2026, 08:59:01,C,14.556
19/07/2026, 09:29:01,C,15.057
19/07/2026, 09:59:01,C,15.558
19/07/2026, 10:29:01,C,17.06
19/07/2026, 10:59:01,C,18.061
19/07/2026, 11:29:01,C,17.06
19/07/2026, 11:59:01,C,18.061
19/07/2026, 12:29:01,C,18.561
19/07/2026, 12:59:01,C,19.562
19/07/2026, 13:29:01,C,20.563
19/07/2026, 13:59:01,C,19.562
19/07/2026, 14:29:01,C,19.562
19/07/2026, 14:59:01,C,20.062
19/07/2026, 15:29:01,C,19.562
19/07/2026, 15:59:01,C,20.062
19/07/2026, 16:29:01,C,19.562
19/07/2026, 16:59:01,C,20.062
19/07/2026, 17:29:01,C,20.563
19/07/2026, 17:59:01,C,20.062
19/07/2026, 18:29:01,C,21.563
19/07/2026, 18:59:01,C,19.062
19/07/2026, 19:29:01,C,18.561
19/07/2026, 19:59:01,C,18.061
19/07/2026, 20:29:01,C,17.06
19/07/2026, 20:59:01,C,16.058
19/07/2026, 21:29:01,C,15.057
19/07/2026, 21:59:01,C,14.055
19/07/2026, 22:29:01,C,13.054
19/07/2026, 22:59:01,C,13.054
19/07/2026, 23:29:01,C,12.052
19/07/2026, 23:59:01,C,12.553
20/07/2026, 00:29:01,C,13.054
20/07/2026, 00:59:01,C,12.553
20/07/2026, 01:29:01,C,13.054
20/07/2026, 01:59:01,C,12.553
20/07/2026, 02:29:01,C,11.551
20/07/2026, 02:59:01,C,11.551
20/07/2026, 03:29:01,C,11.05
20/07/2026, 03:59:01,C,10.549
20/07/2026, 04:29:01,C,10.549
20/07/2026, 04:59:01,C,11.05
20/07/2026, 05:29:01,C,10.549
20/07/2026, 05:59:01,C,10.549
20/07/2026, 06:29:01,C,10.549
20/07/2026, 06:59:01,C,12.052
20/07/2026, 07:29:01,C,13.054
20/07/2026, 07:59:01,C,15.558
20/07/2026, 08:29:01,C,17.06
20/07/2026, 08:59:01,C,17.56
20/07/2026, 09:29:01,C,18.561
20/07/2026, 09:59:01,C,18.561
20/07/2026, 10:29:01,C,20.062
20/07/2026, 10:59:01,C,20.062
20/07/2026, 11:29:01,C,20.563
20/07/2026, 11:59:01,C,20.563
20/07/2026, 12:29:01,C,21.063
20/07/2026, 12:59:01,C,20.563
20/07/2026, 13:29:01,C,21.063
20/07/2026, 13:59:01,C,20.563
20/07/2026, 14:29:01,C,20.563
20/07/2026, 14:59:01,C,20.563
20/07/2026, 15:29:01,C,21.563
20/07/2026, 15:59:01,C,22.064
20/07/2026, 16:29:01,C,21.563
20/07/2026, 16:59:01,C,21.063
20/07/2026, 17:29:01,C,21.063
20/07/2026, 17:59:01,C,22.064
20/07/2026, 18:29:01,C,22.564
20/07/2026, 18:59:01,C,20.062
20/07/2026, 19:29:01,C,19.062
20/07/2026, 19:59:01,C,18.061
20/07/2026, 20:29:01,C,17.06
20/07/2026, 20:59:01,C,16.058
20/07/2026, 21:29:01,C,15.558
20/07/2026, 21:59:01,C,15.057
20/07/2026, 22:29:01,C,14.556
20/07/2026, 22:59:01,C,14.055
20/07/2026, 23:29:01,C,13.555
20/07/2026, 23:59:01,C,13.054
21/07/2026, 00:29:01,C,13.054
21/07/2026, 00:59:01,C,12.553
21/07/2026, 01:29:01,C,12.052
21/07/2026, 01:59:01,C,12.052
21/07/2026, 02:29:01,C,12.052
21/07/2026, 02:59:01,C,11.551
21/07/2026, 03:29:01,C,11.551
21/07/2026, 03:59:01,C,11.05
21/07/2026, 04:29:01,C,11.05
21/07/2026, 04:59:01,C,11.05
21/07/2026, 05:29:01,C,10.549
21/07/2026, 05:59:01,C,10.549
21/07/2026, 06:29:01,C,11.05
21/07/2026, 06:59:01,C,13.054
21/07/2026, 07:29:01,C,14.055
21/07/2026, 07:59:01,C,14.556
21/07/2026, 08:29:01,C,15.057
21/07/2026, 08:59:01,C,15.057
21/07/2026, 09:29:01,C,16.058
21/07/2026, 09:59:01,C,16.058
21/07/2026, 10:29:01,C,16.559
21/07/2026, 10:59:01,C,18.061
21/07/2026, 11:29:01,C,19.062
21/07/2026, 11:59:01,C,20.062
21/07/2026, 12:29:01,C,20.062
21/07/2026, 12:59:01,C,19.562
21/07/2026, 13:29:01,C,20.062
21/07/2026, 13:59:01,C,20.563
21/07/2026, 14:29:01,C,19.062
21/07/2026, 14:59:01,C,20.062
21/07/2026, 15:29:01,C,20.062
21/07/2026, 15:59:01,C,19.562
21/07/2026, 16:29:01,C,18.561
21/07/2026, 16:59:01,C,18.061
21/07/2026, 17:29:01,C,17.56
21/07/2026, 17:59:01,C,18.561
21/07/2026, 18:29:01,C,18.561
21/07/2026, 18:59:01,C,17.56
21/07/2026, 19:29:01,C,17.56
21/07/2026, 19:59:01,C,17.06
21/07/2026, 20:29:01,C,17.06
21/07/2026, 20:59:01,C,16.559
21/07/2026, 21:29:01,C,16.559
21/07/2026, 21:59:01,C,16.058
21/07/2026, 22:29:01,C,15.558
21/07/2026, 22:59:01,C,14.556
21/07/2026, 23:29:01,C,14.556
21/07/2026, 23:59:01,C,14.055
22/07/2026, 00:29:01,C,14.055
22/07/2026, 00:59:01,C,14.055
22/07/2026, 01:29:01,C,14.055
22/07/2026, 01:59:01,C,13.555
22/07/2026, 02:29:01,C,13.555
22/07/2026, 02:59:01,C,13.555
22/07/2026, 03:29:01,C,13.054
22/07/2026, 03:59:01,C,13.054
22/07/2026, 04:29:01,C,13.054
22/07/2026, 04:59:01,C,12.553
22/07/2026, 05:29:01,C,13.054
22/07/2026, 05:59:01,C,13.054
22/07/2026, 06:29:01,C,13.054
22/07/2026, 06:59:01,C,13.555
22/07/2026, 07:29:01,C,14.055
22/07/2026, 07:59:01,C,15.057
22/07/2026, 08:29:01,C,16.058
22/07/2026, 08:59:01,C,17.06
22/07/2026, 09:29:01,C,18.061
22/07/2026, 09:59:01,C,18.061
22/07/2026, 10:29:01,C,19.562
22/07/2026, 10:59:01,C,19.062
22/07/2026, 11:29:01,C,19.062
22/07/2026, 11:59:01,C,19.062
22/07/2026, 12:29:01,C,20.062
22/07/2026, 12:59:01,C,19.062
22/07/2026, 13:29:01,C,18.561
22/07/2026, 13:59:01,C,19.062
22/07/2026, 14:29:01,C,20.563
22/07/2026, 14:59:01,C,21.063
22/07/2026, 15:29:01,C,21.063
22/07/2026, 15:59:01,C,21.063
22/07/2026, 16:29:01,C,21.063
22/07/2026, 16:59:01,C,21.563
22/07/2026, 17:29:01,C,20.563
22/07/2026, 17:59:01,C,21.063
22/07/2026, 18:29:01,C,21.063
22/07/2026, 18:59:01,C,18.561
22/07/2026, 19:29:01,C,18.561
22/07/2026, 19:59:01,C,18.061
22/07/2026, 20:29:01,C,17.56
22/07/2026, 20:59:01,C,17.06
22/07/2026, 21:29:01,C,16.559
22/07/2026, 21:59:01,C,15.558
22/07/2026, 22:29:01,C,15.057
22/07/2026, 22:59:01,C,14.556
22/07/2026, 23:29:01,C,14.055
22/07/2026, 23:59:01,C,14.055
23/07/2026, 00:29:01,C,13.555
23/07/2026, 00:59:01,C,13.054
23/07/2026, 01:29:01,C,13.054
23/07/2026, 01:59:01,C,13.054
23/07/2026, 02:29:01,C,12.553
23/07/2026, 02:59:01,C,12.052
23/07/2026, 03:29:01,C,12.553
23/07/2026, 03:59:01,C,12.052
23/07/2026, 04:29:01,C,12.052
23/07/2026, 04:59:01,C,12.052
23/07/2026, 05:29:01,C,12.052
23/07/2026, 05:59:01,C,12.052
23/07/2026, 06:29:01,C,12.553
23/07/2026, 06:59:01,C,13.555
23/07/2026, 07:29:01,C,15.057
23/07/2026, 07:59:01,C,15.558
23/07/2026, 08:29:01,C,17.56
23/07/2026, 08:59:01,C,18.061
23/07/2026, 09:29:01,C,18.561
23/07/2026, 09:59:01,C,19.562
23/07/2026, 10:29:01,C,19.062
23/07/2026, 10:59:01,C,19.062
23/07/2026, 11:29:01,C,20.062
23/07/2026, 11:59:01,C,20.563
23/07/2026, 12:29:01,C,21.063
23/07/2026, 12:59:01,C,22.064
23/07/2026, 13:29:01,C,20.563
23/07/2026, 13:59:01,C,21.063
23/07/2026, 14:29:01,C,20.563
23/07/2026, 14:59:01,C,20.563
23/07/2026, 15:29:01,C,20.062
23/07/2026, 15:59:01,C,20.563
23/07/2026, 16:29:01,C,20.563
23/07/2026, 16:59:01,C,20.062
23/07/2026, 17:29:01,C,19.562
23/07/2026, 17:59:01,C,19.562
23/07/2026, 18:29:01,C,19.062
23/07/2026, 18:59:01,C,17.56
23/07/2026, 19:29:01,C,16.559
23/07/2026, 19:59:01,C,16.058
23/07/2026, 20:29:01,C,15.558
23/07/2026, 20:59:01,C,15.057
23/07/2026, 21:29:01,C,14.556
23/07/2026, 21:59:01,C,14.055
23/07/2026, 22:29:01,C,14.055
23/07/2026, 22:59:01,C,13.555
23/07/2026, 23:29:01,C,13.054
23/07/2026, 23:59:01,C,12.052
24/07/2026, 00:29:01,C,12.553
24/07/2026, 00:59:01,C,12.553
24/07/2026, 01:29:01,C,12.553
24/07/2026, 01:59:01,C,12.553
24/07/2026, 02:29:01,C,13.555
24/07/2026, 02:59:01,C,13.555
24/07/2026, 03:29:01,C,13.054
24/07/2026, 03:59:01,C,13.054
24/07/2026, 04:29:01,C,13.054
24/07/2026, 04:59:01,C,13.054
24/07/2026, 05:29:01,C,13.054
24/07/2026, 05:59:01,C,13.054
24/07/2026, 06:29:01,C,13.054
24/07/2026, 06:59:01,C,13.555
24/07/2026, 07:29:01,C,13.555
24/07/2026, 07:59:01,C,13.555
24/07/2026, 08:29:01,C,14.055
24/07/2026, 08:59:01,C,14.556
24/07/2026, 09:29:01,C,14.556
24/07/2026, 09:59:01,C,14.556
24/07/2026, 10:29:01,C,15.057
24/07/2026, 10:59:01,C,15.057
24/07/2026, 11:29:01,C,15.057
24/07/2026, 11:59:01,C,15.558
24/07/2026, 12:29:01,C,16.058
24/07/2026, 12:59:01,C,16.559
24/07/2026, 13:29:01,C,16.058
24/07/2026, 13:59:01,C,17.56
24/07/2026, 14:29:01,C,18.061
24/07/2026, 14:59:01,C,17.56
24/07/2026, 15:29:01,C,17.56
24/07/2026, 15:59:01,C,16.559
24/07/2026, 16:29:01,C,16.058
24/07/2026, 16:59:01,C,16.058
24/07/2026, 17:29:01,C,17.06
24/07/2026, 17:59:01,C,17.56
24/07/2026, 18:29:01,C,17.56
24/07/2026, 18:59:01,C,17.06
24/07/2026, 19:29:01,C,16.058
24/07/2026, 19:59:01,C,15.558
24/07/2026, 20:29:01,C,15.558
24/07/2026, 20:59:01,C,15.057
24/07/2026, 21:29:01,C,15.057
24/07/2026, 21:59:01,C,14.556
24/07/2026, 22:29:01,C,14.556
24/07/2026, 22:59:01,C,15.057
24/07/2026, 23:29:01,C,15.057
24/07/2026, 23:59:01,C,15.057
25/07/2026, 00:29:01,C,15.057
25/07/2026, 00:59:01,C,15.057
25/07/2026, 01:29:01,C,15.057
25/07/2026, 01:59:01,C,15.057
25/07/2026, 02:29:01,C,15.057
25/07/2026, 02:59:01,C,14.556
25/07/2026, 03:29:01,C,14.055
25/07/2026, 03:59:01,C,13.555
25/07/2026, 04:29:01,C,13.054
25/07/2026, 04:59:01,C,13.054
25/07/2026, 05:29:01,C,12.052
25/07/2026, 05:59:01,C,12.553
25/07/2026, 06:29:01,C,13.054
25/07/2026, 06:59:01,C,13.555
25/07/2026, 07:29:01,C,15.057
25/07/2026, 07:59:01,C,14.556
25/07/2026, 08:29:01,C,14.556
25/07/2026, 08:59:01,C,14.055
25/07/2026, 09:29:01,C,13.555
25/07/2026, 09:59:01,C,13.555
25/07/2026, 10:29:01,C,14.055
25/07/2026, 10:59:01,C,14.055
25/07/2026, 11:29:01,C,14.556
25/07/2026, 11:59:01,C,14.556
25/07/2026, 12:29:01,C,14.556
25/07/2026, 12:59:01,C,15.057
25/07/2026, 13:29:01,C,15.057
25/07/2026, 13:59:01,C,14.556
25/07/2026, 14:29:01,C,15.057
25/07/2026, 14:59:01,C,15.057
25/07/2026, 15:29:01,C,15.558
25/07/2026, 15:59:01,C,15.558
25/07/2026, 16:29:01,C,15.558
25/07/2026, 16:59:01,C,15.558
25/07/2026, 17:29:01,C,15.558
25/07/2026, 17:59:01,C,15.057
25/07/2026, 18:29:01,C,15.057
25/07/2026, 18:59:01,C,15.057
25/07/2026, 19:29:01,C,15.057
25/07/2026, 19:59:01,C,15.057
25/07/2026, 20:29:01,C,14.556
25/07/2026, 20:59:01,C,14.556
25/07/2026, 21:29:01,C,14.556
25/07/2026, 21:59:01,C,14.556
25/07/2026, 22:29:01,C,14.556
25/07/2026, 22:59:01,C,14.556
25/07/2026, 23:29:01,C,14.556
25/07/2026, 23:59:01,C,14.556
26/07/2026, 00:29:01,C,14.556
26/07/2026, 00:59:01,C,14.556
26/07/2026, 01:29:01,C,14.556
26/07/2026, 01:59:01,C,15.057
26/07/2026, 02:29:01,C,15.558
26/07/2026, 02:59:01,C,15.558
26/07/2026, 03:29:01,C,15.558
26/07/2026, 03:59:01,C,15.057
26/07/2026, 04:29:01,C,15.057
26/07/2026, 04:59:01,C,15.057
26/07/2026, 05:29:01,C,14.556
26/07/2026, 05:59:01,C,14.556
26/07/2026, 06:29:01,C,14.055
26/07/2026, 06:59:01,C,14.055
26/07/2026, 07:29:01,C,14.055
26/07/2026, 07:59:01,C,14.055
26/07/2026, 08:29:01,C,14.055
26/07/2026, 08:59:01,C,14.055
26/07/2026, 09:29:01,C,14.556
26/07/2026, 09:59:01,C,14.055
26/07/2026, 10:29:01,C,14.055
26/07/2026, 10:59:01,C,14.556
26/07/2026, 11:29:01,C,14.556
26/07/2026, 11:59:01,C,14.556
26/07/2026, 12:29:01,C,15.057
26/07/2026, 12:59:01,C,14.556
26/07/2026, 13:29:01,C,14.556
26/07/2026, 13:59:01,C,14.556
26/07/2026, 14:29:01,C,14.556
26/07/2026, 14:59:01,C,14.556
26/07/2026, 15:29:01,C,14.055
26/07/2026, 15:59:01,C,14.556
26/07/2026, 16:29:01,C,14.556
26/07/2026, 16:59:01,C,14.556
26/07/2026, 17:29:01,C,14.556
26/07/2026, 17:59:01,C,15.057
26/07/2026, 18:29:01,C,14.556
26/07/2026, 18:59:01,C,14.556
26/07/2026, 19:29:01,C,14.556
26/07/2026, 19:59:01,C,14.055
26/07/2026, 20:29:01,C,14.055
26/07/2026, 20:59:01,C,13.555
26/07/2026, 21:29:01,C,13.555
26/07/2026, 21:59:01,C,13.054
26/07/2026, 22:29:01,C,13.555
26/07/2026, 22:59:01,C,13.555
26/07/2026, 23:29:01,C,13.555
26/07/2026, 23:59:01,C,13.555
27/07/2026, 00:29:01,C,13.555
27/07/2026, 00:59:01,C,13.555
27/07/2026, 01:29:01,C,13.555
27/07/2026, 01:59:01,C,13.054
27/07/2026, 02:29:01,C,13.054
27/07/2026, 02:59:01,C,12.553
27/07/2026, 03:29:01,C,12.553
27/07/2026, 03:59:01,C,12.553
27/07/2026, 04:29:01,C,12.553
27/07/2026, 04:59:01,C,12.052
27/07/2026, 05:29:01,C,12.553
27/07/2026, 05:59:01,C,13.054
27/07/2026, 06:29:01,C,13.054
27/07/2026, 06:59:01,C,13.054
27/07/2026, 07:29:01,C,13.555
27/07/2026, 07:59:01,C,13.555
27/07/2026, 08:29:01,C,13.555
27/07/2026, 08:59:01,C,14.055
27/07/2026, 09:29:01,C,13.555
27/07/2026, 09:59:01,C,14.055
27/07/2026, 10:29:01,C,14.055
27/07/2026, 10:59:01,C,13.555
27/07/2026, 11:29:01,C,14.556
27/07/2026, 11:59:01,C,15.558
27/07/2026, 12:29:01,C,14.556
27/07/2026, 12:59:01,C,14.556
27/07/2026, 13:29:01,C,14.556
27/07/2026, 13:59:01,C,14.556
27/07/2026, 14:29:01,C,15.057
27/07/2026, 14:59:01,C,15.057
27/07/2026, 15:29:01,C,15.057
27/07/2026, 15:59:01,C,14.556
27/07/2026, 16:29:01,C,15.057
27/07/2026, 16:59:01,C,15.057
27/07/2026, 17:29:01,C,15.558
27/07/2026, 17:59:01,C,15.558
27/07/2026, 18:29:01,C,15.558
27/07/2026, 18:59:01,C,16.058
27/07/2026, 19:29:01,C,15.558
27/07/2026, 19:59:01,C,15.558
27/07/2026, 20:29:01,C,16.058
27/07/2026, 20:59:01,C,16.058
27/07/2026, 21:29:01,C,16.058
27/07/2026, 21:59:01,C,16.058
27/07/2026, 22:29:01,C,16.058
27/07/2026, 22:59:01,C,16.058
27/07/2026, 23:29:01,C,16.559
27/07/2026, 23:59:01,C,16.559
28/07/2026, 00:29:01,C,16.559
28/07/2026, 00:59:01,C,16.559
28/07/2026, 01:29:01,C,16.559
28/07/2026, 01:59:01,C,17.06
28/07/2026, 02:29:01,C,16.559
28/07/2026, 02:59:01,C,17.06
28/07/2026, 03:29:01,C,16.559
28/07/2026, 03:59:01,C,17.06
28/07/2026, 04:29:01,C,16.559
28/07/2026, 04:59:01,C,16.559
28/07/2026, 05:29:01,C,17.06
28/07/2026, 05:59:01,C,17.06
28/07/2026, 06:29:01,C,17.06
28/07/2026, 06:59:01,C,17.06
28/07/2026, 07:29:01,C,16.559
28/07/2026, 07:59:01,C,16.559
28/07/2026, 08:29:01,C,16.559
28/07/2026, 08:59:01,C,16.559
28/07/2026, 09:29:01,C,16.559
28/07/2026, 09:59:01,C,17.06
28/07/2026, 10:29:01,C,16.559
28/07/2026, 10:59:01,C,16.559
28/07/2026, 11:29:01,C,17.06
28/07/2026, 11:59:01,C,17.06
28/07/2026, 12:29:01,C,17.06
28/07/2026, 12:59:01,C,17.06
28/07/2026, 13:29:01,C,17.06
28/07/2026, 13:59:01,C,17.06
28/07/2026, 14:29:01,C,17.56
28/07/2026, 14:59:01,C,17.56
28/07/2026, 15:29:01,C,17.06
28/07/2026, 15:59:01,C,17.06
28/07/2026, 16:29:01,C,18.061
28/07/2026, 16:59:01,C,17.06
28/07/2026, 17:29:01,C,17.56
28/07/2026, 17:59:01,C,17.06
28/07/2026, 18:29:01,C,17.06
28/07/2026, 18:59:01,C,17.06
28/07/2026, 19:29:01,C,17.06
28/07/2026, 19:59:01,C,16.559
28/07/2026, 20:29:01,C,16.559
28/07/2026, 20:59:01,C,16.559
28/07/2026, 21:29:01,C,16.559
28/07/2026, 21:59:01,C,16.559
28/07/2026, 22:29:01,C,16.559
28/07/2026, 22:59:01,C,16.559
28/07/2026, 23:29:01,C,16.559
28/07/2026, 23:59:01,C,16.559
29/07/2026, 00:29:01,C,16.058
29/07/2026, 00:59:01,C,16.058
29/07/2026, 01:29:01,C,16.058
29/07/2026, 01:59:01,C,16.058
29/07/2026, 02:29:01,C,16.058
29/07/2026, 02:59:01,C,16.058
29/07/2026, 03:29:01,C,16.058
29/07/2026, 03:59:01,C,16.058
29/07/2026, 04:29:01,C,16.058
29/07/2026, 04:59:01,C,16.058
29/07/2026, 05:29:01,C,16.058
29/07/2026, 05:59:01,C,15.558
29/07/2026, 06:29:01,C,15.558
29/07/2026, 06:59:01,C,15.558
29/07/2026, 07:29:01,C,15.558
29/07/2026, 07:59:01,C,16.058
29/07/2026, 08:29:01,C,16.058
29/07/2026, 08:59:01,C,16.058
29/07/2026, 09:29:01,C,16.559
29/07/2026, 09:59:01,C,16.559
29/07/2026, 10:29:01,C,17.06
29/07/2026, 10:59:01,C,17.06
29/07/2026, 11:29:01,C,17.56
29/07/2026, 11:59:01,C,17.56
29/07/2026, 12:29:01,C,17.06
29/07/2026, 12:59:01,C,17.06
29/07/2026, 13:29:01,C,17.56
29/07/2026, 13:59:01,C,19.062
29/07/2026, 14:29:01,C,18.061
29/07/2026, 14:59:01,C,18.561
29/07/2026, 15:29:01,C,17.56
29/07/2026, 15:59:01,C,17.56
29/07/2026, 16:29:01,C,17.06
29/07/2026, 16:59:01,C,17.06
29/07/2026, 17:29:01,C,17.06
29/07/2026, 17:59:01,C,17.06
29/07/2026, 18:29:01,C,17.06
29/07/2026, 18:59:01,C,16.559
29/07/2026, 19:29:01,C,16.559
29/07/2026, 19:59:01,C,16.559
29/07/2026, 20:29:01,C,16.058
29/07/2026, 20:59:01,C,16.058
29/07/2026, 21:29:01,C,16.058
29/07/2026, 21:59:01,C,16.058
29/07/2026, 22:29:01,C,15.558
29/07/2026, 22:59:01,C,15.558
29/07/2026, 23:29:01,C,15.558
29/07/2026, 23:59:01,C,15.057
30/07/2026, 00:29:01,C,14.556
30/07/2026, 00:59:01,C,14.055
30/07/2026, 01:29:01,C,14.055
30/07/2026, 01:59:01,C,13.555
30/07/2026, 02:29:01,C,13.555
30/07/2026, 02:59:01,C,13.555
30/07/2026, 03:29:01,C,13.555
30/07/2026, 03:59:01,C,12.553
30/07/2026, 04:29:01,C,12.052
30/07/2026, 04:59:01,C,12.052
30/07/2026, 05:29:01,C,12.553
30/07/2026, 05:59:01,C,12.553
30/07/2026, 06:29:01,C,12.553
30/07/2026, 06:59:01,C,12.052
30/07/2026, 07:29:01,C,12.553
30/07/2026, 07:59:01,C,13.555
30/07/2026, 08:29:01,C,14.556
30/07/2026, 08:59:01,C,14.556
30/07/2026, 09:29:01,C,15.558
30/07/2026, 09:59:01,C,16.058
30/07/2026, 10:29:01,C,16.559
30/07/2026, 10:59:01,C,15.558
30/07/2026, 11:29:01,C,15.057
30/07/2026, 11:59:01,C,15.558
30/07/2026, 12:29:01,C,16.058
30/07/2026, 12:59:01,C,16.559
30/07/2026, 13:29:01,C,16.559
30/07/2026, 13:59:01,C,16.058
30/07/2026, 14:29:01,C,16.559
30/07/2026, 14:59:01,C,16.058
30/07/2026, 15:29:01,C,16.058
30/07/2026, 15:59:01,C,16.058
30/07/2026, 16:29:01,C,16.058
30/07/2026, 16:59:01,C,15.558
30/07/2026, 17:29:01,C,16.058
30/07/2026, 17:59:01,C,16.058
30/07/2026, 18:29:01,C,15.558
30/07/2026, 18:59:01,C,14.556
30/07/2026, 19:29:01,C,14.055
30/07/2026, 19:59:01,C,13.054
30/07/2026, 20:29:01,C,12.553
30/07/2026, 20:59:01,C,11.551
30/07/2026, 21:29:01,C,11.05
30/07/2026, 21:59:01,C,11.05
30/07/2026, 22:29:01,C,10.549
30/07/2026, 22:59:01,C,10.549
30/07/2026, 23:29:01,C,10.549
30/07/2026, 23:59:01,C,10.549
31/07/2026, 00:29:01,C,10.549
31/07/2026, 00:59:01,C,10.048
31/07/2026, 01:29:01,C,10.048
31/07/2026, 01:59:01,C,9.547
31/07/2026, 02:29:01,C,9.046
31/07/2026, 02:59:01,C,9.046
31/07/2026, 03:29:01,C,9.046
31/07/2026, 03:59:01,C,9.046
31/07/2026, 04:29:01,C,9.046
31/07/2026, 04:59:01,C,8.544
31/07/2026, 05:29:01,C,9.046
31/07/2026, 05:59:01,C,9.547
31/07/2026, 06:29:01,C,10.048
31/07/2026, 06:59:01,C,10.048
31/07/2026, 07:29:01,C,10.549
31/07/2026, 07:59:01,C,12.052
31/07/2026, 08:29:01,C,12.553
31/07/2026, 08:59:01,C,14.055
31/07/2026, 09:29:01,C,14.556
31/07/2026, 09:59:01,C,14.556
31/07/2026, 10:29:01,C,14.556
31/07/2026, 10:59:01,C,15.057
31/07/2026, 11:29:01,C,14.556
31/07/2026, 11:59:01,C,15.057
31/07/2026, 12:29:01,C,14.556
31/07/2026, 12:59:01,C,14.055
31/07/2026, 13:29:01,C,15.558
31/07/2026, 13:59:01,C,16.058
31/07/2026, 14:29:01,C,15.558
31/07/2026, 14:59:01,C,15.558
31/07/2026, 15:29:01,C,16.058
31/07/2026, 15:59:01,C,17.06
31/07/2026, 16:29:01,C,16.559
31/07/2026, 16:59:01,C,16.559
31/07/2026, 17:29:01,C,16.559
31/07/2026, 17:59:01,C,16.559
31/07/2026, 18:29:01,C,15.057
31/07/2026, 18:59:01,C,14.556
31/07/2026, 19:29:01,C,14.055
31/07/2026, 19:59:01,C,14.055
31/07/2026, 20:29:01,C,13.555
31/07/2026, 20:59:01,C,13.555
31/07/2026, 21:29:01,C,13.555
31/07/2026, 21:59:01,C,13.054
31/07/2026, 22:29:01,C,13.054
31/07/2026, 22:59:01,C,13.054
31/07/2026, 23:29:01,C,13.054
31/07/2026, 23:59:01,C,13.054
01/08/2026, 00:29:01,C,13.054
01/08/2026, 00:59:01,C,13.054
01/08/2026, 01:29:01,C,13.054
01/08/2026, 01:59:01,C,12.553
01/08/2026, 02:29:01,C,12.052
01/08/2026, 02:59:01,C,11.551
01/08/2026, 03:29:01,C,11.05
01/08/2026, 03:59:01,C,11.05
01/08/2026, 04:29:01,C,11.05
01/08/2026, 04:59:01,C,11.05
01/08/2026, 05:29:01,C,11.551
01/08/2026, 05:59:01,C,12.052
01/08/2026, 06:29:01,C,12.052
01/08/2026, 06:59:01,C,12.553
01/08/2026, 07:29:01,C,12.553
01/08/2026, 07:59:01,C,13.054
01/08/2026, 08:29:01,C,13.054
01/08/2026, 08:59:01,C,13.555
01/08/2026, 09:29:01,C,14.055
01/08/2026, 09:59:01,C,15.057
01/08/2026, 10:29:01,C,14.055
01/08/2026, 10:59:01,C,15.558
01/08/2026, 11:29:01,C,16.058
01/08/2026, 11:59:01,C,16.559
01/08/2026, 12:29:01,C,15.057
01/08/2026, 12:59:01,C,16.559
01/08/2026, 13:29:01,C,17.06
01/08/2026, 13:59:01,C,15.558
01/08/2026, 14:29:01,C,14.556
01/08/2026, 14:59:01,C,17.06
01/08/2026, 15:29:01,C,16.058
01/08/2026, 15:59:01,C,17.06
01/08/2026, 16:29:01,C,16.058
01/08/2026, 16:59:01,C,15.057
01/08/2026, 17:29:01,C,15.558
01/08/2026, 17:59:01,C,15.057
01/08/2026, 18:29:01,C,16.058
01/08/2026, 18:59:01,C,16.058
01/08/2026, 19:29:01,C,14.556
01/08/2026, 19:59:01,C,14.055
01/08/2026, 20:29:01,C,14.055
01/08/2026, 20:59:01,C,13.555
01/08/2026, 21:29:01,C,13.054
01/08/2026, 21:59:01,C,13.054
01/08/2026, 22:29:01,C,13.555
01/08/2026, 22:59:01,C,13.555
01/08/2026, 23:29:01,C,13.555
01/08/2026, 23:59:01,C,13.054
02/08/2026, 00:29:01,C,12.553
02/08/2026, 00:59:01,C,12.052
02/08/2026, 01:29:01,C,11.551
02/08/2026, 01:59:01,C,10.549
02/08/2026, 02:29:01,C,10.549
02/08/2026, 02:59:01,C,10.048
02/08/2026, 03:29:01,C,9.547
02/08/2026, 03:59:01,C,9.547
02/08/2026, 04:29:01,C,9.547
02/08/2026, 04:59:01,C,9.046
02/08/2026, 05:29:01,C,9.046
02/08/2026, 05:59:01,C,9.046
02/08/2026, 06:29:01,C,9.046
02/08/2026, 06:59:01,C,10.048
02/08/2026, 07:29:01,C,11.05
02/08/2026, 07:59:01,C,12.052
02/08/2026, 08:29:01,C,15.057
02/08/2026, 08:59:01,C,15.057
02/08/2026, 09:29:01,C,16.058
02/08/2026, 09:59:01,C,17.56
02/08/2026, 10:29:01,C,19.062
02/08/2026, 10:59:01,C,18.561
02/08/2026, 11:29:01,C,17.56
02/08/2026, 11:59:01,C,18.061
02/08/2026, 12:29:01,C,18.561
02/08/2026, 12:59:01,C,19.562
02/08/2026, 13:29:01,C,19.562
02/08/2026, 13:59:01,C,19.562
02/08/2026, 14:29:01,C,18.561
02/08/2026, 14:59:01,C,18.061
02/08/2026, 15:29:01,C,18.561
02/08/2026, 15:59:01,C,18.561
02/08/2026, 16:29:01,C,19.562
02/08/2026, 16:59:01,C,19.062
02/08/2026, 17:29:01,C,19.062
02/08/2026, 17:59:01,C,19.062
02/08/2026, 18:29:01,C,18.561
02/08/2026, 18:59:01,C,18.061
02/08/2026, 19:29:01,C,17.56
02/08/2026, 19:59:01,C,17.56
02/08/2026, 20:29:01,C,16.559
02/08/2026, 20:59:01,C,15.558
02/08/2026, 21:29:01,C,15.057
02/08/2026, 21:59:01,C,15.057
02/08/2026, 22:29:01,C,15.558
02/08/2026, 22:59:01,C,17.06
02/08/2026, 23:29:01,C,16.559
02/08/2026, 23:59:01,C,15.558
03/08/2026, 00:29:01,C,15.057
03/08/2026, 00:59:01,C,15.558
03/08/2026, 01:29:01,C,15.057
03/08/2026, 01:59:01,C,15.057
03/08/2026, 02:29:01,C,14.556
03/08/2026, 02:59:01,C,13.555
03/08/2026, 03:29:01,C,14.055
03/08/2026, 03:59:01,C,14.055
03/08/2026, 04:29:01,C,15.558
03/08/2026, 04:59:01,C,15.558
03/08/2026, 05:29:01,C,15.558
03/08/2026, 05:59:01,C,15.558
03/08/2026, 06:29:01,C,16.058
03/08/2026, 06:59:01,C,15.558
03/08/2026, 07:29:01,C,16.058
03/08/2026, 07:59:01,C,16.559
03/08/2026, 08:29:01,C,17.06
03/08/2026, 08:59:01,C,16.559
03/08/2026, 09:29:01,C,17.06
03/08/2026, 09:59:01,C,18.561
03/08/2026, 10:29:01,C,18.561
03/08/2026, 10:59:01,C,18.561
03/08/2026, 11:29:01,C,19.062
03/08/2026, 11:59:01,C,21.063
03/08/2026, 12:29:01,C,21.563
03/08/2026, 12:59:01,C,22.064
03/08/2026, 13:29:01,C,21.563
03/08/2026, 13:59:01,C,21.563
03/08/2026, 14:29:01,C,23.064
03/08/2026, 14:59:01,C,22.564
03/08/2026, 15:29:01,C,22.564
03/08/2026, 15:59:01,C,22.564
03/08/2026, 16:29:01,C,22.564
03/08/2026, 16:59:01,C,23.064
03/08/2026, 17:29:01,C,23.064
03/08/2026, 17:59:01,C,22.564
03/08/2026, 18:29:01,C,22.564
03/08/2026, 18:59:01,C,22.064
03/08/2026, 19:29:01,C,21.563
03/08/2026, 19:59:01,C,20.563
03/08/2026, 20:29:01,C,20.062
03/08/2026, 20:59:01,C,19.062
03/08/2026, 21:29:01,C,19.062
03/08/2026, 21:59:01,C,18.561
03/08/2026, 22:29:01,C,18.561
03/08/2026, 22:59:01,C,18.561
03/08/2026, 23:29:01,C,16.559
03/08/2026, 23:59:01,C,15.558
04/08/2026, 00:29:01,C,15.558
04/08/2026, 00:59:01,C,15.057
04/08/2026, 01:29:01,C,15.558
04/08/2026, 01:59:01,C,15.558
04/08/2026, 02:29:01,C,16.058
04/08/2026, 02:59:01,C,16.559
04/08/2026, 03:29:01,C,17.06
04/08/2026, 03:59:01,C,17.56
04/08/2026, 04:29:01,C,17.06
04/08/2026, 04:59:01,C,17.56
04/08/2026, 05:29:01,C,16.559
04/08/2026, 05:59:01,C,16.058
04/08/2026, 06:29:01,C,16.058
04/08/2026, 06:59:01,C,16.058
04/08/2026, 07:29:01,C,16.058
04/08/2026, 07:59:01,C,16.058
04/08/2026, 08:29:01,C,15.558
04/08/2026, 08:59:01,C,16.058
04/08/2026, 09:29:01,C,16.058
04/08/2026, 09:59:01,C,16.559
04/08/2026, 10:29:01,C,16.559
04/08/2026, 10:59:01,C,16.559
04/08/2026, 11:29:01,C,16.559
04/08/2026, 11:59:01,C,17.06
04/08/2026, 12:29:01,C,17.06
04/08/2026, 12:59:01,C,18.061
04/08/2026, 13:29:01,C,18.561
04/08/2026, 13:59:01,C,18.561
04/08/2026, 14:29:01,C,19.062
04/08/2026, 14:59:01,C,18.561
04/08/2026, 15:29:01,C,19.062
04/08/2026, 15:59:01,C,18.561
04/08/2026, 16:29:01,C,18.561
04/08/2026, 16:59:01,C,19.062
04/08/2026, 17:29:01,C,18.561
04/08/2026, 17:59:01,C,18.561
04/08/2026, 18:29:01,C,18.061
04/08/2026, 18:59:01,C,18.561
04/08/2026, 19:29:01,C,18.061
04/08/2026, 19:59:01,C,17.56
04/08/2026, 20:29:01,C,17.56
04/08/2026, 20:59:01,C,17.56
04/08/2026, 21:29:01,C,17.06
04/08/2026, 21:59:01,C,17.06
04/08/2026, 22:29:01,C,16.559
04/08/2026, 22:59:01,C,16.058
04/08/2026, 23:29:01,C,16.058
04/08/2026, 23:59:01,C,16.058
05/08/2026, 00:29:01,C,16.058
05/08/2026, 00:59:01,C,16.058
05/08/2026, 01:29:01,C,15.057
05/08/2026, 01:59:01,C,14.556
05/08/2026, 02:29:01,C,14.556
05/08/2026, 02:59:01,C,14.556
05/08/2026, 03:29:01,C,14.055
05/08/2026, 03:59:01,C,14.055
05/08/2026, 04:29:01,C,13.555
05/08/2026, 04:59:01,C,13.555
05/08/2026, 05:29:01,C,13.054
05/08/2026, 05:59:01,C,13.555
05/08/2026, 06:29:01,C,13.555
05/08/2026, 06:59:01,C,13.555
05/08/2026, 07:29:01,C,13.555
05/08/2026, 07:59:01,C,13.555
05/08/2026, 08:29:01,C,13.054
05/08/2026, 08:59:01,C,13.054
05/08/2026, 09:29:01,C,13.555
05/08/2026, 09:59:01,C,14.055
05/08/2026, 10:29:01,C,13.555
05/08/2026, 10:59:01,C,13.555
05/08/2026, 11:29:01,C,13.555
05/08/2026, 11:59:01,C,13.054
05/08/2026, 12:29:01,C,13.555
05/08/2026, 12:59:01,C,14.055
05/08/2026, 13:29:01,C,13.555
05/08/2026, 13:59:01,C,14.055
05/08/2026, 14:29:01,C,14.055
05/08/2026, 14:59:01,C,13.555
05/08/2026, 15:29:01,C,14.055
05/08/2026, 15:59:01,C,13.555
05/08/2026, 16:29:01,C,14.055
05/08/2026, 16:59:01,C,13.054
05/08/2026, 17:29:01,C,13.555
05/08/2026, 17:59:01,C,13.555
05/08/2026, 18:29:01,C,13.054
05/08/2026, 18:59:01,C,13.054
05/08/2026, 19:29:01,C,12.553
05/08/2026, 19:59:01,C,12.052
05/08/2026, 20:29:01,C,12.052
05/08/2026, 20:59:01,C,12.052
05/08/2026, 21:29:01,C,11.551
05/08/2026, 21:59:01,C,11.551
05/08/2026, 22:29:01,C,11.05
05/08/2026, 22:59:01,C,11.05
05/08/2026, 23:29:01,C,11.05
05/08/2026, 23:59:01,C,11.05
06/08/2026, 00:29:01,C,11.05
06/08/2026, 00:59:01,C,11.05
06/08/2026, 01:29:01,C,11.05
06/08/2026, 01:59:01,C,10.549
06/08/2026, 02:29:01,C,11.05
06/08/2026, 02:59:01,C,11.05
06/08/2026, 03:29:01,C,11.05
06/08/2026, 03:59:01,C,11.05
06/08/2026, 04:29:01,C,11.05
06/08/2026, 04:59:01,C,11.05
06/08/2026, 05:29:01,C,11.05
06/08/2026, 05:59:01,C,11.05
06/08/2026, 06:29:01,C,11.05
06/08/2026, 06:59:01,C,11.05
06/08/2026, 07:29:01,C,11.05
06/08/2026, 07:59:01,C,11.05
06/08/2026, 08:29:01,C,11.551
06/08/2026, 08:59:01,C,11.551
06/08/2026, 09:29:01,C,12.052
06/08/2026, 09:59:01,C,12.052
06/08/2026, 10:29:01,C,12.553
06/08/2026, 10:59:01,C,13.054
06/08/2026, 11:29:01,C,13.054
06/08/2026, 11:59:01,C,13.054
06/08/2026, 12:29:01,C,13.054
06/08/2026, 12:59:01,C,12.553
06/08/2026, 13:29:01,C,12.052
06/08/2026, 13:59:01,C,12.553
06/08/2026, 14:29:01,C,13.054
06/08/2026, 14:59:01,C,13.555
06/08/2026, 15:29:01,C,14.556
06/08/2026, 15:59:01,C,14.556
06/08/2026, 16:29:01,C,15.558
06/08/2026, 16:59:01,C,15.057
06/08/2026, 17:29:01,C,14.556
06/08/2026, 17:59:01,C,14.556
06/08/2026, 18:29:01,C,14.055
06/08/2026, 18:59:01,C,13.555
06/08/2026, 19:29:01,C,13.054
06/08/2026, 19:59:01,C,13.054
06/08/2026, 20:29:01,C,12.553
06/08/2026, 20:59:01,C,12.052
06/08/2026, 21:29:01,C,11.551
06/08/2026, 21:59:01,C,11.551
06/08/2026, 22:29:01,C,11.551
06/08/2026, 22:59:01,C,11.551
06/08/2026, 23:29:01,C,11.551
06/08/2026, 23:59:01,C,12.052
07/08/2026, 00:29:01,C,12.052
07/08/2026, 00:59:01,C,12.052
07/08/2026, 01:29:01,C,12.052
07/08/2026, 01:59:01,C,12.052
07/08/2026, 02:29:01,C,12.052
07/08/2026, 02:59:01,C,12.052
07/08/2026, 03:29:01,C,12.553
07/08/2026, 03:59:01,C,13.054
07/08/2026, 04:29:01,C,13.054
07/08/2026, 04:59:01,C,12.553
07/08/2026, 05:29:01,C,12.052
07/08/2026, 05:59:01,C,12.052
07/08/2026, 06:29:01,C,12.052
07/08/2026, 06:59:01,C,12.553
07/08/2026, 07:29:01,C,13.054
07/08/2026, 07:59:01,C,14.055
07/08/2026, 08:29:01,C,15.558
07/08/2026, 08:59:01,C,14.556
07/08/2026, 09:29:01,C,15.057
07/08/2026, 09:59:01,C,15.558
07/08/2026, 10:29:01,C,15.057
07/08/2026, 10:59:01,C,15.057
07/08/2026, 11:29:01,C,15.057
07/08/2026, 11:59:01,C,15.057
07/08/2026, 12:29:01,C,16.058
07/08/2026, 12:59:01,C,17.56
07/08/2026, 13:29:01,C,16.559
07/08/2026, 13:59:01,C,17.06
07/08/2026, 14:29:01,C,17.56
07/08/2026, 14:59:01,C,17.56
07/08/2026, 15:29:01,C,17.56
07/08/2026, 15:59:01,C,17.06
07/08/2026, 16:29:01,C,17.06
07/08/2026, 16:59:01,C,17.06
07/08/2026, 17:29:01,C,16.559
07/08/2026, 17:59:01,C,17.06
07/08/2026, 18:29:01,C,16.058
07/08/2026, 18:59:01,C,16.058
07/08/2026, 19:29:01,C,14.556
07/08/2026, 19:59:01,C,14.556
07/08/2026, 20:29:01,C,13.555
07/08/2026, 20:59:01,C,12.553
07/08/2026, 21:29:01,C,11.551
07/08/2026, 21:59:01,C,11.05
07/08/2026, 22:29:01,C,10.549
07/08/2026, 22:59:01,C,10.048
07/08/2026, 23:29:01,C,10.048
07/08/2026, 23:59:01,C,10.048
08/08/2026, 00:29:01,C,9.547
08/08/2026, 00:59:01,C,10.048
08/08/2026, 01:29:01,C,9.547
08/08/2026, 01:59:01,C,9.547
08/08/2026, 02:29:01,C,9.547
08/08/2026, 02:59:01,C,9.046
08/08/2026, 03:29:01,C,9.046
08/08/2026, 03:59:01,C,8.544
08/08/2026, 04:29:01,C,8.043
08/08/2026, 04:59:01,C,7.542
08/08/2026, 05:29:01,C,8.043
08/08/2026, 05:59:01,C,8.544
08/08/2026, 06:29:01,C,9.046
08/08/2026, 06:59:01,C,10.549
08/08/2026, 07:29:01,C,11.05
08/08/2026, 07:59:01,C,12.052
08/08/2026, 08:29:01,C,15.558
08/08/2026, 08:59:01,C,16.058
08/08/2026, 09:29:01,C,16.058
08/08/2026, 09:59:01,C,17.56
08/08/2026, 10:29:01,C,18.061
08/08/2026, 10:59:01,C,17.06
08/08/2026, 11:29:01,C,17.56
08/08/2026, 11:59:01,C,18.061
08/08/2026, 12:29:01,C,18.061
08/08/2026, 12:59:01,C,19.562
08/08/2026, 13:29:01,C,19.562
08/08/2026, 13:59:01,C,18.561
08/08/2026, 14:29:01,C,18.561
08/08/2026, 14:59:01,C,19.562
08/08/2026, 15:29:01,C,19.062
08/08/2026, 15:59:01,C,19.062
08/08/2026, 16:29:01,C,19.062
08/08/2026, 16:59:01,C,19.562
08/08/2026, 17:29:01,C,18.561
08/08/2026, 17:59:01,C,18.061
08/08/2026, 18:29:01,C,17.56
08/08/2026, 18:59:01,C,18.061
08/08/2026, 19:29:01,C,15.558
08/08/2026, 19:59:01,C,14.556
08/08/2026, 20:29:01,C,13.555
08/08/2026, 20:59:01,C,13.054
08/08/2026, 21:29:01,C,13.054
08/08/2026, 21:59:01,C,12.553
08/08/2026, 22:29:01,C,12.553
08/08/2026, 22:59:01,C,12.553
08/08/2026, 23:29:01,C,11.551
08/08/2026, 23:59:01,C,11.551
09/08/2026, 00:29:01,C,12.052
09/08/2026, 00:59:01,C,12.052
09/08/2026, 01:29:01,C,11.05
09/08/2026, 01:59:01,C,11.551
09/08/2026, 02:29:01,C,12.052
09/08/2026, 02:59:01,C,12.052
09/08/2026, 03:29:01,C,12.052
09/08/2026, 03:59:01,C,12.052
09/08/2026, 04:29:01,C,11.551
09/08/2026, 04:59:01,C,12.052
09/08/2026, 05:29:01,C,12.052
09/08/2026, 05:59:01,C,12.052
09/08/2026, 06:29:01,C,13.054
09/08/2026, 06:59:01,C,14.055
09/08/2026, 07:29:01,C,14.055
09/08/2026, 07:59:01,C,14.055
09/08/2026, 08:29:01,C,14.055
09/08/2026, 08:59:01,C,14.556
09/08/2026, 09:29:01,C,15.057
09/08/2026, 09:59:01,C,15.057
09/08/2026, 10:29:01,C,15.057
09/08/2026, 10:59:01,C,15.558
09/08/2026, 11:29:01,C,15.057
09/08/2026, 11:59:01,C,15.558
09/08/2026, 12:29:01,C,15.057
09/08/2026, 12:59:01,C,15.558
09/08/2026, 13:29:01,C,16.058
09/08/2026, 13:59:01,C,16.559
09/08/2026, 14:29:01,C,16.559
09/08/2026, 14:59:01,C,16.559
09/08/2026, 15:29:01,C,16.058
09/08/2026, 15:59:01,C,16.058
09/08/2026, 16:29:01,C,16.058
09/08/2026, 16:59:01,C,15.558
09/08/2026, 17:29:01,C,15.057
09/08/2026, 17:59:01,C,15.057
09/08/2026, 18:29:01,C,15.057
09/08/2026, 18:59:01,C,15.057
09/08/2026, 19:29:01,C,15.057
09/08/2026, 19:59:01,C,14.556
09/08/2026, 20:29:01,C,14.055
09/08/2026, 20:59:01,C,13.555
09/08/2026, 21:29:01,C,13.054
09/08/2026, 21:59:01,C,13.054
09/08/2026, 22:29:01,C,12.553
09/08/2026, 22:59:01,C,12.052
09/08/2026, 23:29:01,C,11.551
09/08/2026, 23:59:01,C,10.549
10/08/2026, 00:29:01,C,10.048
10/08/2026, 00:59:01,C,11.05
10/08/2026, 01:29:01,C,10.048
10/08/2026, 01:59:01,C,9.547
10/08/2026, 02:29:01,C,9.046
10/08/2026, 02:59:01,C,9.046
10/08/2026, 03:29:01,C,8.043
10/08/2026, 03:59:01,C,7.542
10/08/2026, 04:29:01,C,7.542
10/08/2026, 04:59:01,C,7.542
10/08/2026, 05:29:01,C,6.539
10/08/2026, 05:59:01,C,6.539
10/08/2026, 06:29:01,C,7.041
10/08/2026, 06:59:01,C,7.041
10/08/2026, 07:29:01,C,8.043
10/08/2026, 07:59:01,C,10.048
10/08/2026, 08:29:01,C,13.054
10/08/2026, 08:59:01,C,13.054
10/08/2026, 09:29:01,C,14.055
10/08/2026, 09:59:01,C,14.055
10/08/2026, 10:29:01,C,14.055
10/08/2026, 10:59:01,C,14.556
10/08/2026, 11:29:01,C,15.558
10/08/2026, 11:59:01,C,15.558
10/08/2026, 12:29:01,C,16.058
10/08/2026, 12:59:01,C,18.561
10/08/2026, 13:29:01,C,17.56
10/08/2026, 13:59:01,C,17.56
10/08/2026, 14:29:01,C,17.56
10/08/2026, 14:59:01,C,17.56
10/08/2026, 15:29:01,C,17.56
10/08/2026, 15:59:01,C,17.56
10/08/2026, 16:29:01,C,17.06
10/08/2026, 16:59:01,C,17.06
10/08/2026, 17:29:01,C,17.06
10/08/2026, 17:59:01,C,16.559
10/08/2026, 18:29:01,C,15.558
10/08/2026, 18:59:01,C,15.057
10/08/2026, 19:29:01,C,14.556
10/08/2026, 19:59:01,C,14.055
10/08/2026, 20:29:01,C,13.555
10/08/2026, 20:59:01,C,12.553
10/08/2026, 21:29:01,C,11.551
10/08/2026, 21:59:01,C,11.05
10/08/2026, 22:29:01,C,10.549
10/08/2026, 22:59:01,C,10.048
10/08/2026, 23:29:01,C,9.547
10/08/2026, 23:59:01,C,9.046
11/08/2026, 00:29:01,C,9.046
11/08/2026, 00:59:01,C,9.046
11/08/2026, 01:29:01,C,9.046
11/08/2026, 01:59:01,C,9.046
11/08/2026, 02:29:01,C,9.046
11/08/2026, 02:59:01,C,9.046
11/08/2026, 03:29:01,C,9.547
11/08/2026, 03:59:01,C,9.547
11/08/2026, 04:29:01,C,9.046
11/08/2026, 04:59:01,C,9.046
11/08/2026, 05:29:01,C,9.046
11/08/2026, 05:59:01,C,9.547
11/08/2026, 06:29:01,C,9.046
11/08/2026, 06:59:01,C,9.547
11/08/2026, 07:29:01,C,11.05
11/08/2026, 07:59:01,C,13.054
11/08/2026, 08:29:01,C,15.558
11/08/2026, 08:59:01,C,16.058
11/08/2026, 09:29:01,C,16.559
11/08/2026, 09:59:01,C,18.061
11/08/2026, 10:29:01,C,18.061
11/08/2026, 10:59:01,C,19.062
11/08/2026, 11:29:01,C,19.062
11/08/2026, 11:59:01,C,20.062
11/08/2026, 12:29:01,C,20.563
11/08/2026, 12:59:01,C,22.564
11/08/2026, 13:29:01,C,21.563
11/08/2026, 13:59:01,C,22.064
11/08/2026, 14:29:01,C,21.563
11/08/2026, 14:59:01,C,23.064
11/08/2026, 15:29:01,C,22.564
11/08/2026, 15:59:01,C,22.564
11/08/2026, 16:29:01,C,22.064
11/08/2026, 16:59:01,C,22.064
11/08/2026, 17:29:01,C,22.064
11/08/2026, 17:59:01,C,23.064
11/08/2026, 18:29:01,C,22.064
11/08/2026, 18:59:01,C,20.062
11/08/2026, 19:29:01,C,19.062
11/08/2026, 19:59:01,C,18.561
11/08/2026, 20:29:01,C,17.56
11/08/2026, 20:59:01,C,16.559
11/08/2026, 21:29:01,C,16.058
11/08/2026, 21:59:01,C,15.558
11/08/2026, 22:29:01,C,15.558
11/08/2026, 22:59:01,C,18.061
11/08/2026, 23:29:01,C,18.561
11/08/2026, 23:59:01,C,19.062
12/08/2026, 00:29:01,C,18.561
12/08/2026, 00:59:01,C,17.56
12/08/2026, 01:29:01,C,18.061
12/08/2026, 01:59:01,C,17.56
12/08/2026, 02:29:01,C,17.56
12/08/2026, 02:59:01,C,17.56
12/08/2026, 03:29:01,C,17.06
12/08/2026, 03:59:01,C,16.559
12/08/2026, 04:29:01,C,16.559
12/08/2026, 04:59:01,C,16.058
12/08/2026, 05:29:01,C,15.558
12/08/2026, 05:59:01,C,15.558
12/08/2026, 06:29:01,C,15.558
12/08/2026, 06:59:01,C,15.057
12/08/2026, 07:29:01,C,15.057
12/08/2026, 07:59:01,C,15.558
12/08/2026, 08:29:01,C,16.559
12/08/2026, 08:59:01,C,17.06
12/08/2026, 09:29:01,C,18.061
12/08/2026, 09:59:01,C,19.062
12/08/2026, 10:29:01,C,19.062
12/08/2026, 10:59:01,C,19.562
12/08/2026, 11:29:01,C,21.563
12/08/2026, 11:59:01,C,22.064
12/08/2026, 12:29:01,C,22.064
12/08/2026, 12:59:01,C,22.564
12/08/2026, 13:29:01,C,22.564
12/08/2026, 13:59:01,C,24.064
12/08/2026, 14:29:01,C,24.064
12/08/2026, 14:59:01,C,25.564
12/08/2026, 15:29:01,C,23.564
12/08/2026, 15:59:01,C,25.564
12/08/2026, 16:29:01,C,25.064
12/08/2026, 16:59:01,C,25.064
12/08/2026, 17:29:01,C,24.564
12/08/2026, 17:59:01,C,25.564
12/08/2026, 18:29:01,C,24.064
12/08/2026, 18:59:01,C,22.064
12/08/2026, 19:29:01,C,20.563
12/08/2026, 19:59:01,C,20.062
12/08/2026, 20:29:01,C,20.062
12/08/2026, 20:59:01,C,19.062
12/08/2026, 21:29:01,C,19.062
12/08/2026, 21:59:01,C,19.062
12/08/2026, 22:29:01,C,20.062
12/08/2026, 22:59:01,C,22.064
12/08/2026, 23:29:01,C,23.064
12/08/2026, 23:59:01,C,23.064
13/08/2026, 00:29:01,C,22.564
13/08/2026, 00:59:01,C,20.062
13/08/2026, 01:29:01,C,19.062
13/08/2026, 01:59:01,C,18.061
13/08/2026, 02:29:01,C,17.56
13/08/2026, 02:59:01,C,17.06
13/08/2026, 03:29:01,C,16.559
13/08/2026, 03:59:01,C,16.559
13/08/2026, 04:29:01,C,16.058
13/08/2026, 04:59:01,C,16.058
13/08/2026, 05:29:01,C,16.058
13/08/2026, 05:59:01,C,15.558
13/08/2026, 06:29:01,C,15.558
13/08/2026, 06:59:01,C,15.558
13/08/2026, 07:29:01,C,17.06
13/08/2026, 07:59:01,C,18.061
13/08/2026, 08:29:01,C,19.062
13/08/2026, 08:59:01,C,21.063
13/08/2026, 09:29:01,C,23.064
13/08/2026, 09:59:01,C,25.564
13/08/2026, 10:29:01,C,26.064
13/08/2026, 10:59:01,C,26.064
13/08/2026, 11:29:01,C,26.064
13/08/2026, 11:59:01,C,26.064
13/08/2026, 12:29:01,C,25.564
13/08/2026, 12:59:01,C,26.064
13/08/2026, 13:29:01,C,26.064
13/08/2026, 13:59:01,C,26.064
13/08/2026, 14:29:01,C,25.064
13/08/2026, 14:59:01,C,25.564
13/08/2026, 15:29:01,C,26.064
13/08/2026, 15:59:01,C,25.564
13/08/2026, 16:29:01,C,24.564
13/08/2026, 16:59:01,C,24.564
13/08/2026, 17:29:01,C,24.564
13/08/2026, 17:59:01,C,25.564
13/08/2026, 18:29:01,C,23.564
13/08/2026, 18:59:01,C,22.564
13/08/2026, 19:29:01,C,22.064
13/08/2026, 19:59:01,C,22.064
13/08/2026, 20:29:01,C,21.063
13/08/2026, 20:59:01,C,20.062
13/08/2026, 21:29:01,C,19.062
13/08/2026, 21:59:01,C,18.061
13/08/2026, 22:29:01,C,17.56
13/08/2026, 22:59:01,C,17.06
13/08/2026, 23:29:01,C,16.559
13/08/2026, 23:59:01,C,16.058
14/08/2026, 00:29:01,C,16.058
14/08/2026, 00:59:01,C,15.558
14/08/2026, 01:29:01,C,15.558
14/08/2026, 01:59:01,C,15.558
14/08/2026, 02:29:01,C,15.057
14/08/2026, 02:59:01,C,14.556
14/08/2026, 03:29:01,C,14.556
14/08/2026, 03:59:01,C,14.556
14/08/2026, 04:29:01,C,14.556
14/08/2026, 04:59:01,C,14.556
14/08/2026, 05:29:01,C,14.556
14/08/2026, 05:59:01,C,15.057
14/08/2026, 06:29:01,C,14.556
14/08/2026, 06:59:01,C,15.057
14/08/2026, 07:29:01,C,16.559
14/08/2026, 07:59:01,C,17.56
14/08/2026, 08:29:01,C,19.062
14/08/2026, 08:59:01,C,20.062
14/08/2026, 09:29:01,C,19.062
14/08/2026, 09:59:01,C,19.062
14/08/2026, 10:29:01,C,19.062
14/08/2026, 10:59:01,C,18.561
14/08/2026, 11:29:01,C,18.561
14/08/2026, 11:59:01,C,19.562
14/08/2026, 12:29:01,C,19.562
14/08/2026, 12:59:01,C,22.564
14/08/2026, 13:29:01,C,22.064
14/08/2026, 13:59:01,C,21.563
14/08/2026, 14:29:01,C,20.563
14/08/2026, 14:59:01,C,21.063
14/08/2026, 15:29:01,C,20.563
14/08/2026, 15:59:01,C,19.562
14/08/2026, 16:29:01,C,18.561
14/08/2026, 16:59:01,C,18.561
14/08/2026, 17:29:01,C,18.561
14/08/2026, 17:59:01,C,18.561
14/08/2026, 18:29:01,C,17.56
14/08/2026, 18:59:01,C,17.56
14/08/2026, 19:29:01,C,16.559
14/08/2026, 19:59:01,C,16.058
14/08/2026, 20:29:01,C,15.057
14/08/2026, 20:59:01,C,14.556
14/08/2026, 21:29:01,C,14.556
14/08/2026, 21:59:01,C,15.057
14/08/2026, 22:29:01,C,14.556
14/08/2026, 22:59:01,C,15.057
14/08/2026, 23:29:01,C,14.556
14/08/2026, 23:59:01,C,14.556
15/08/2026, 00:29:01,C,15.057
15/08/2026, 00:59:01,C,14.556
15/08/2026, 01:29:01,C,14.556
15/08/2026, 01:59:01,C,14.556
15/08/2026, 02:29:01,C,14.556
15/08/2026, 02:59:01,C,14.556
15/08/2026, 03:29:01,C,14.055
15/08/2026, 03:59:01,C,14.055
15/08/2026, 04:29:01,C,14.055
15/08/2026, 04:59:01,C,14.055
15/08/2026, 05:29:01,C,14.055
15/08/2026, 05:59:01,C,13.555
15/08/2026, 06:29:01,C,13.555
15/08/2026, 06:59:01,C,13.555
15/08/2026, 07:29:01,C,13.555
15/08/2026, 07:59:01,C,14.055
15/08/2026, 08:29:01,C,14.055
15/08/2026, 08:59:01,C,14.055
15/08/2026, 09:29:01,C,14.055
15/08/2026, 09:59:01,C,14.055
15/08/2026, 10:29:01,C,15.057
15/08/2026, 10:59:01,C,15.558
15/08/2026, 11:29:01,C,16.058
15/08/2026, 11:59:01,C,16.559
15/08/2026, 12:29:01,C,15.558
15/08/2026, 12:59:01,C,16.559
15/08/2026, 13:29:01,C,16.058
15/08/2026, 13:59:01,C,16.559
15/08/2026, 14:29:01,C,16.559
15/08/2026, 14:59:01,C,16.559
15/08/2026, 15:29:01,C,15.558
15/08/2026, 15:59:01,C,16.058
15/08/2026, 16:29:01,C,16.559
15/08/2026, 16:59:01,C,15.558
15/08/2026, 17:29:01,C,16.058
15/08/2026, 17:59:01,C,15.558
15/08/2026, 18:29:01,C,15.558
15/08/2026, 18:59:01,C,15.057
15/08/2026, 19:29:01,C,14.556
15/08/2026, 19:59:01,C,14.556
15/08/2026, 20:29:01,C,13.555
15/08/2026, 20:59:01,C,13.054
15/08/2026, 21:29:01,C,13.054
15/08/2026, 21:59:01,C,12.553
15/08/2026, 22:29:01,C,11.551
15/08/2026, 22:59:01,C,11.05
15/08/2026, 23:29:01,C,10.048
15/08/2026, 23:59:01,C,9.547
16/08/2026, 00:29:01,C,9.547
16/08/2026, 00:59:01,C,9.046
16/08/2026, 01:29:01,C,8.544
16/08/2026, 01:59:01,C,8.043
16/08/2026, 02:29:01,C,8.043
16/08/2026, 02:59:01,C,8.043
16/08/2026, 03:29:01,C,8.544
16/08/2026, 03:59:01,C,9.046
16/08/2026, 04:29:01,C,9.046
16/08/2026, 04:59:01,C,9.547
16/08/2026, 05:29:01,C,9.547
16/08/2026, 05:59:01,C,10.048
16/08/2026, 06:29:01,C,10.549
16/08/2026, 06:59:01,C,10.549
16/08/2026, 07:29:01,C,11.05
16/08/2026, 07:59:01,C,11.551
16/08/2026, 08:29:01,C,12.052
16/08/2026, 08:59:01,C,13.054
16/08/2026, 09:29:01,C,13.054
16/08/2026, 09:59:01,C,14.055
16/08/2026, 10:29:01,C,14.556
16/08/2026, 10:59:01,C,14.055
16/08/2026, 11:29:01,C,14.055
16/08/2026, 11:59:01,C,14.055
16/08/2026, 12:29:01,C,14.055
16/08/2026, 12:59:01,C,16.058
16/08/2026, 13:29:01,C,16.058
16/08/2026, 13:59:01,C,16.559
16/08/2026, 14:29:01,C,16.559
16/08/2026, 14:59:01,C,16.058
16/08/2026, 15:29:01,C,15.558
16/08/2026, 15:59:01,C,17.06
16/08/2026, 16:29:01,C,16.058
16/08/2026, 16:59:01,C,16.559
16/08/2026, 17:29:01,C,16.058
16/08/2026, 17:59:01,C,15.558
16/08/2026, 18:29:01,C,14.556
16/08/2026, 18:59:01,C,14.055
16/08/2026, 19:29:01,C,13.555
16/08/2026, 19:59:01,C,13.555
16/08/2026, 20:29:01,C,13.054
16/08/2026, 20:59:01,C,13.054
16/08/2026, 21:29:01,C,13.054
16/08/2026, 21:59:01,C,13.054
16/08/2026, 22:29:01,C,13.054
16/08/2026, 22:59:01,C,12.553
16/08/2026, 23:29:01,C,12.553
16/08/2026, 23:59:01,C,12.553
17/08/2026, 00:29:01,C,12.553
17/08/2026, 00:59:01,C,13.054
17/08/2026, 01:29:01,C,13.054
17/08/2026, 01:59:01,C,13.054
17/08/2026, 02:29:01,C,13.054
17/08/2026, 02:59:01,C,12.553
17/08/2026, 03:29:01,C,13.054
17/08/2026, 03:59:01,C,12.553
17/08/2026, 04:29:01,C,12.553
17/08/2026, 04:59:01,C,13.054
17/08/2026, 05:29:01,C,13.054
17/08/2026, 05:59:01,C,13.054
17/08/2026, 06:29:01,C,13.054
17/08/2026, 06:59:01,C,13.054
17/08/2026, 07:29:01,C,13.054
17/08/2026, 07:59:01,C,13.555
17/08/2026, 08:29:01,C,14.055
17/08/2026, 08:59:01,C,14.556
17/08/2026, 09:29:01,C,15.057
17/08/2026, 09:59:01,C,15.558
17/08/2026, 10:29:01,C,15.558
17/08/2026, 10:59:01,C,15.558
17/08/2026, 11:29:01,C,16.058
17/08/2026, 11:59:01,C,16.559
17/08/2026, 12:29:01,C,16.559
17/08/2026, 12:59:01,C,16.559
17/08/2026, 13:29:01,C,16.559
17/08/2026, 13:59:01,C,16.559
17/08/2026, 14:29:01,C,16.559
17/08/2026, 14:59:01,C,16.559
17/08/2026, 15:29:01,C,17.06
17/08/2026, 15:59:01,C,17.06
17/08/2026, 16:29:01,C,17.06
17/08/2026, 16:59:01,C,16.559
17/08/2026, 17:29:01,C,16.058
17/08/2026, 17:59:01,C,16.058
17/08/2026, 18:29:01,C,16.058
17/08/2026, 18:59:01,C,15.558
17/08/2026, 19:29:01,C,15.057
17/08/2026, 19:59:01,C,15.057
17/08/2026, 20:29:01,C,15.057
17/08/2026, 20:59:01,C,14.556
17/08/2026, 21:29:01,C,14.556
17/08/2026, 21:59:01,C,14.556
17/08/2026, 22:29:01,C,14.556
17/08/2026, 22:59:01,C,14.556
17/08/2026, 23:29:01,C,14.556
17/08/2026, 23:59:01,C,14.556
18/08/2026, 00:29:01,C,14.556
18/08/2026, 00:59:01,C,14.556
18/08/2026, 01:29:01,C,15.057
18/08/2026, 01:59:01,C,15.558
18/08/2026, 02:29:01,C,16.058
18/08/2026, 02:59:01,C,16.058
18/08/2026, 03:29:01,C,16.058
18/08/2026, 03:59:01,C,16.058
18/08/2026, 04:29:01,C,16.058
18/08/2026, 04:59:01,C,16.058
18/08/2026, 05:29:01,C,15.558
18/08/2026, 05:59:01,C,15.558
18/08/2026, 06:29:01,C,15.057
18/08/2026, 06:59:01,C,15.057
18/08/2026, 07:29:01,C,15.057
18/08/2026, 07:59:01,C,15.057
18/08/2026, 08:29:01,C,15.057
18/08/2026, 08:59:01,C,15.057
18/08/2026, 09:29:01,C,14.556
18/08/2026, 09:59:01,C,15.057
18/08/2026, 10:29:01,C,14.556
18/08/2026, 10:59:01,C,15.057
18/08/2026, 11:29:01,C,15.057
18/08/2026, 11:59:01,C,16.058
18/08/2026, 12:29:01,C,16.058
18/08/2026, 12:59:01,C,15.057
18/08/2026, 13:29:01,C,15.558
18/08/2026, 13:59:01,C,15.057
18/08/2026, 14:29:01,C,15.558
18/08/2026, 14:59:01,C,15.558
18/08/2026, 15:29:01,C,15.558
18/08/2026, 15:59:01,C,15.558
18/08/2026, 16:29:01,C,15.057
18/08/2026, 16:59:01,C,15.057
18/08/2026, 17:29:01,C,15.057
18/08/2026, 17:59:01,C,15.057
18/08/2026, 18:29:01,C,14.556
18/08/2026, 18:59:01,C,14.556
18/08/2026, 19:29:01,C,14.556
18/08/2026, 19:59:01,C,14.556
18/08/2026, 20:29:01,C,14.055
18/08/2026, 20:59:01,C,14.055
18/08/2026, 21:29:01,C,13.555
18/08/2026, 21:59:01,C,13.555
18/08/2026, 22:29:01,C,13.555
18/08/2026, 22:59:01,C,13.555
18/08/2026, 23:29:01,C,13.555
18/08/2026, 23:59:01,C,13.054
19/08/2026, 00:29:01,C,13.054
19/08/2026, 00:59:01,C,13.054
19/08/2026, 01:29:01,C,13.054
19/08/2026, 01:59:01,C,13.054
19/08/2026, 02:29:01,C,13.054
19/08/2026, 02:59:01,C,13.054
19/08/2026, 03:29:01,C,13.054
19/08/2026, 03:59:01,C,13.054
19/08/2026, 04:29:01,C,13.054
19/08/2026, 04:59:01,C,13.054
19/08/2026, 05:29:01,C,13.054
19/08/2026, 05:59:01,C,13.054
19/08/2026, 06:29:01,C,13.054
19/08/2026, 06:59:01,C,13.054
19/08/2026, 07:29:01,C,13.054
19/08/2026, 07:59:01,C,13.054
19/08/2026, 08:29:01,C,13.555
19/08/2026, 08:59:01,C,14.055
19/08/2026, 09:29:01,C,14.055
19/08/2026, 09:59:01,C,14.055
19/08/2026, 10:29:01,C,15.057
19/08/2026, 10:59:01,C,15.057
19/08/2026, 11:29:01,C,14.556
19/08/2026, 11:59:01,C,15.057
19/08/2026, 12:29:01,C,16.559
19/08/2026, 12:59:01,C,16.058
19/08/2026, 13:29:01,C,16.058
19/08/2026, 13:59:01,C,16.058
19/08/2026, 14:29:01,C,16.559
19/08/2026, 14:59:01,C,16.559
19/08/2026, 15:29:01,C,15.558
19/08/2026, 15:59:01,C,16.058
19/08/2026, 16:29:01,C,15.558
19/08/2026, 16:59:01,C,15.558
19/08/2026, 17:29:01,C,15.057
19/08/2026, 17:59:01,C,15.057
19/08/2026, 18:29:01,C,15.057
19/08/2026, 18:59:01,C,15.057
19/08/2026, 19:29:01,C,14.556
19/08/2026, 19:59:01,C,14.055
19/08/2026, 20:29:01,C,14.055
19/08/2026, 20:59:01,C,14.055
19/08/2026, 21:29:01,C,14.055
19/08/2026, 21:59:01,C,13.555
19/08/2026, 22:29:01,C,13.555
19/08/2026, 22:59:01,C,13.555
19/08/2026, 23:29:01,C,13.054
19/08/2026, 23:59:01,C,13.054
20/08/2026, 00:29:01,C,12.553
20/08/2026, 00:59:01,C,12.052
20/08/2026, 01:29:01,C,12.052
20/08/2026, 01:59:01,C,12.052
20/08/2026, 02:29:01,C,12.052
20/08/2026, 02:59:01,C,12.052
20/08/2026, 03:29:01,C,12.052
20/08/2026, 03:59:01,C,12.052
20/08/2026, 04:29:01,C,12.052
20/08/2026, 04:59:01,C,11.551
20/08/2026, 05:29:01,C,11.551
20/08/2026, 05:59:01,C,11.551
20/08/2026, 06:29:01,C,11.551
20/08/2026, 06:59:01,C,11.551
20/08/2026, 07:29:01,C,11.551
20/08/2026, 07:59:01,C,11.05
20/08/2026, 08:29:01,C,10.549
20/08/2026, 08:59:01,C,10.549
20/08/2026, 09:29:01,C,11.05
20/08/2026, 09:59:01,C,11.05
20/08/2026, 10:29:01,C,11.551
20/08/2026, 10:59:01,C,11.551
20/08/2026, 11:29:01,C,12.052
20/08/2026, 11:59:01,C,12.553
20/08/2026, 12:29:01,C,13.555
20/08/2026, 12:59:01,C,12.553
20/08/2026, 13:29:01,C,13.555
20/08/2026, 13:59:01,C,14.055
20/08/2026, 14:29:01,C,14.556
20/08/2026, 14:59:01,C,14.055
20/08/2026, 15:29:01,C,13.555
20/08/2026, 15:59:01,C,15.057
20/08/2026, 16:29:01,C,13.555
20/08/2026, 16:59:01,C,13.555
20/08/2026, 17:29:01,C,14.055
20/08/2026, 17:59:01,C,13.555
20/08/2026, 18:29:01,C,14.055
20/08/2026, 18:59:01,C,13.054
20/08/2026, 19:29:01,C,12.553
20/08/2026, 19:59:01,C,12.052
20/08/2026, 20:29:01,C,12.052
20/08/2026, 20:59:01,C,11.551
20/08/2026, 21:29:01,C,11.05
20/08/2026, 21:59:01,C,10.549
20/08/2026, 22:29:01,C,10.549
20/08/2026, 22:59:01,C,10.048
20/08/2026, 23:29:01,C,9.547
20/08/2026, 23:59:01,C,9.547
21/08/2026, 00:29:01,C,9.547
21/08/2026, 00:59:01,C,9.547
21/08/2026, 01:29:01,C,9.547
21/08/2026, 01:59:01,C,9.547
21/08/2026, 02:29:01,C,9.547
21/08/2026, 02:59:01,C,9.547
21/08/2026, 03:29:01,C,9.547
21/08/2026, 03:59:01,C,9.547
21/08/2026, 04:29:01,C,9.547
21/08/2026, 04:59:01,C,9.547
21/08/2026, 05:29:01,C,9.046
21/08/2026, 05:59:01,C,9.046
21/08/2026, 06:29:01,C,9.046
21/08/2026, 06:59:01,C,9.046
21/08/2026, 07:29:01,C,9.046
21/08/2026, 07:59:01,C,10.549
21/08/2026, 08:29:01,C,12.052
21/08/2026, 08:59:01,C,13.054
21/08/2026, 09:29:01,C,13.555
21/08/2026, 09:59:01,C,14.556
21/08/2026, 10:29:01,C,15.057
21/08/2026, 10:59:01,C,16.058
21/08/2026, 11:29:01,C,15.558
21/08/2026, 11:59:01,C,15.558
21/08/2026, 12:29:01,C,16.058
21/08/2026, 12:59:01,C,16.559
21/08/2026, 13:29:01,C,16.058
21/08/2026, 13:59:01,C,17.06
21/08/2026, 14:29:01,C,15.558
21/08/2026, 14:59:01,C,16.058
21/08/2026, 15:29:01,C,16.058
21/08/2026, 15:59:01,C,14.556
21/08/2026, 16:29:01,C,15.057
21/08/2026, 16:59:01,C,15.558
21/08/2026, 17:29:01,C,15.057
21/08/2026, 17:59:01,C,14.556
21/08/2026, 18:29:01,C,15.057
21/08/2026, 18:59:01,C,14.556
21/08/2026, 19:29:01,C,13.555
21/08/2026, 19:59:01,C,12.553
21/08/2026, 20:29:01,C,11.551
21/08/2026, 20:59:01,C,10.549
21/08/2026, 21:29:01,C,10.048
21/08/2026, 21:59:01,C,9.547
21/08/2026, 22:29:01,C,9.046
21/08/2026, 22:59:01,C,9.046
21/08/2026, 23:29:01,C,8.544
21/08/2026, 23:59:01,C,8.544
22/08/2026, 00:29:01,C,8.544
22/08/2026, 00:59:01,C,8.043
22/08/2026, 01:29:01,C,8.043
22/08/2026, 01:59:01,C,8.043
22/08/2026, 02:29:01,C,7.542
22/08/2026, 02:59:01,C,8.043
22/08/2026, 03:29:01,C,7.041
22/08/2026, 03:59:01,C,7.041
22/08/2026, 04:29:01,C,7.041
22/08/2026, 04:59:01,C,7.041
22/08/2026, 05:29:01,C,7.542
22/08/2026, 05:59:01,C,8.043
22/08/2026, 06:29:01,C,8.043
22/08/2026, 06:59:01,C,9.046
22/08/2026, 07:29:01,C,9.046
22/08/2026, 07:59:01,C,10.048
22/08/2026, 08:29:01,C,11.05
22/08/2026, 08:59:01,C,12.553
22/08/2026, 09:29:01,C,14.055
22/08/2026, 09:59:01,C,15.057
22/08/2026, 10:29:01,C,17.56
22/08/2026, 10:59:01,C,14.556
22/08/2026, 11:29:01,C,16.058
22/08/2026, 11:59:01,C,16.058
22/08/2026, 12:29:01,C,16.559
22/08/2026, 12:59:01,C,17.06
22/08/2026, 13:29:01,C,17.06
22/08/2026, 13:59:01,C,17.06
22/08/2026, 14:29:01,C,17.06
22/08/2026, 14:59:01,C,17.06
22/08/2026, 15:29:01,C,17.56
22/08/2026, 15:59:01,C,17.06
22/08/2026, 16:29:01,C,15.558
22/08/2026, 16:59:01,C,15.558
22/08/2026, 17:29:01,C,15.558
22/08/2026, 17:59:01,C,15.558
22/08/2026, 18:29:01,C,15.057
22/08/2026, 18:59:01,C,13.555
22/08/2026, 19:29:01,C,13.555
22/08/2026, 19:59:01,C,13.054
22/08/2026, 20:29:01,C,12.052
22/08/2026, 20:59:01,C,10.549
22/08/2026, 21:29:01,C,10.048
22/08/2026, 21:59:01,C,9.046
22/08/2026, 22:29:01,C,8.544
22/08/2026, 22:59:01,C,9.046
22/08/2026, 23:29:01,C,9.046
22/08/2026, 23:59:01,C,9.046
23/08/2026, 00:29:01,C,9.046
23/08/2026, 00:59:01,C,8.544
23/08/2026, 01:29:01,C,8.043
23/08/2026, 01:59:01,C,7.542
23/08/2026, 02:29:01,C,8.043
23/08/2026, 02:59:01,C,8.043
23/08/2026, 03:29:01,C,8.043
23/08/2026, 03:59:01,C,8.043
23/08/2026, 04:29:01,C,7.542
23/08/2026, 04:59:01,C,7.041
23/08/2026, 05:29:01,C,6.539
23/08/2026, 05:59:01,C,6.539
23/08/2026, 06:29:01,C,6.539
23/08/2026, 06:59:01,C,7.041
23/08/2026, 07:29:01,C,7.041
23/08/2026, 07:59:01,C,8.544
23/08/2026, 08:29:01,C,9.547
23/08/2026, 08:59:01,C,12.052
23/08/2026, 09:29:01,C,13.555
23/08/2026, 09:59:01,C,15.558
23/08/2026, 10:29:01,C,16.559
23/08/2026, 10:59:01,C,15.558
23/08/2026, 11:29:01,C,16.559
23/08/2026, 11:59:01,C,17.06
23/08/2026, 12:29:01,C,17.06
23/08/2026, 12:59:01,C,18.561
23/08/2026, 13:29:01,C,18.561
23/08/2026, 13:59:01,C,18.061
23/08/2026, 14:29:01,C,18.561
23/08/2026, 14:59:01,C,18.561
23/08/2026, 15:29:01,C,21.063
23/08/2026, 15:59:01,C,18.561
23/08/2026, 16:29:01,C,16.559
23/08/2026, 16:59:01,C,17.56
23/08/2026, 17:29:01,C,17.56
23/08/2026, 17:59:01,C,17.56
23/08/2026, 18:29:01,C,17.56
23/08/2026, 18:59:01,C,15.057
23/08/2026, 19:29:01,C,14.055
23/08/2026, 19:59:01,C,13.555
23/08/2026, 20:29:01,C,12.553
23/08/2026, 20:59:01,C,11.551
23/08/2026, 21:29:01,C,11.05
23/08/2026, 21:59:01,C,10.549
23/08/2026, 22:29:01,C,10.549
23/08/2026, 22:59:01,C,10.048
23/08/2026, 23:29:01,C,10.048
23/08/2026, 23:59:01,C,9.547
24/08/2026, 00:29:01,C,9.547
24/08/2026, 00:59:01,C,9.547
24/08/2026, 01:29:01,C,10.549
24/08/2026, 01:59:01,C,10.549
24/08/2026, 02:29:01,C,10.048
24/08/2026, 02:59:01,C,10.048
24/08/2026, 03:29:01,C,9.046
24/08/2026, 03:59:01,C,9.046
24/08/2026, 04:29:01,C,8.544
24/08/2026, 04:59:01,C,9.547
24/08/2026, 05:29:01,C,9.046
24/08/2026, 05:59:01,C,10.549
24/08/2026, 06:29:01,C,9.547
24/08/2026, 06:59:01,C,9.547
24/08/2026, 07:29:01,C,10.549
24/08/2026, 07:59:01,C,12.553
24/08/2026, 08:29:01,C,14.055
24/08/2026, 08:59:01,C,15.558
24/08/2026, 09:29:01,C,16.058
24/08/2026, 09:59:01,C,17.56
24/08/2026, 10:29:01,C,19.062
24/08/2026, 10:59:01,C,18.561
24/08/2026, 11:29:01,C,18.061
24/08/2026, 11:59:01,C,18.561
24/08/2026, 12:29:01,C,19.562
24/08/2026, 12:59:01,C,18.561
24/08/2026, 13:29:01,C,19.562
24/08/2026, 13:59:01,C,19.062
24/08/2026, 14:29:01,C,19.562
24/08/2026, 14:59:01,C,19.062
24/08/2026, 15:29:01,C,19.062
24/08/2026, 15:59:01,C,18.061
24/08/2026, 16:29:01,C,18.561
24/08/2026, 16:59:01,C,18.061
24/08/2026, 17:29:01,C,18.061
24/08/2026, 17:59:01,C,17.56
24/08/2026, 18:29:01,C,17.56
24/08/2026, 18:59:01,C,17.06
24/08/2026, 19:29:01,C,16.559
24/08/2026, 19:59:01,C,16.058
24/08/2026, 20:29:01,C,15.057
24/08/2026, 20:59:01,C,15.057
24/08/2026, 21:29:01,C,14.055
24/08/2026, 21:59:01,C,14.055
24/08/2026, 22:29:01,C,13.555
24/08/2026, 22:59:01,C,13.555
24/08/2026, 23:29:01,C,13.555
24/08/2026, 23:59:01,C,13.054
25/08/2026, 00:29:01,C,13.054
25/08/2026, 00:59:01,C,12.553
25/08/2026, 01:29:01,C,13.054
25/08/2026, 01:59:01,C,13.054
25/08/2026, 02:29:01,C,13.054
25/08/2026, 02:59:01,C,13.054
25/08/2026, 03:29:01,C,13.054
25/08/2026, 03:59:01,C,13.054
25/08/2026, 04:29:01,C,12.553
25/08/2026, 04:59:01,C,13.054
25/08/2026, 05:29:01,C,13.054
25/08/2026, 05:59:01,C,13.555
25/08/2026, 06:29:01,C,13.555
25/08/2026, 06:59:01,C,13.054
25/08/2026, 07:29:01,C,13.555
25/08/2026, 07:59:01,C,14.055
25/08/2026, 08:29:01,C,14.055
25/08/2026, 08:59:01,C,14.055
25/08/2026, 09:29:01,C,15.558
25/08/2026, 09:59:01,C,16.058
25/08/2026, 10:29:01,C,17.56
25/08/2026, 10:59:01,C,18.061
25/08/2026, 11:29:01,C,18.561
25/08/2026, 11:59:01,C,18.061
25/08/2026, 12:29:01,C,17.56
25/08/2026, 12:59:01,C,18.061
25/08/2026, 13:29:01,C,18.561
25/08/2026, 13:59:01,C,18.061
25/08/2026, 14:29:01,C,18.561
25/08/2026, 14:59:01,C,18.561
25/08/2026, 15:29:01,C,19.062
25/08/2026, 15:59:01,C,19.062
25/08/2026, 16:29:01,C,18.061
25/08/2026, 16:59:01,C,19.062
25/08/2026, 17:29:01,C,18.061
25/08/2026, 17:59:01,C,18.061
25/08/2026, 18:29:01,C,18.561
25/08/2026, 18:59:01,C,17.06
25/08/2026, 19:29:01,C,16.559
25/08/2026, 19:59:01,C,16.058
25/08/2026, 20:29:01,C,15.558
25/08/2026, 20:59:01,C,15.558
25/08/2026, 21:29:01,C,15.558
25/08/2026, 21:59:01,C,15.558
25/08/2026, 22:29:01,C,15.057
25/08/2026, 22:59:01,C,15.057
25/08/2026, 23:29:01,C,15.057
25/08/2026, 23:59:01,C,15.558
26/08/2026, 00:29:01,C,15.057
26/08/2026, 00:59:01,C,15.558
26/08/2026, 01:29:01,C,15.558
26/08/2026, 01:59:01,C,15.558
26/08/2026, 02:29:01,C,15.558
26/08/2026, 02:59:01,C,15.558
26/08/2026, 03:29:01,C,15.558
26/08/2026, 03:59:01,C,15.558
26/08/2026, 04:29:01,C,15.057
26/08/2026, 04:59:01,C,14.556
26/08/2026, 05:29:01,C,15.558
26/08/2026, 05:59:01,C,15.558
26/08/2026, 06:29:01,C,15.558
26/08/2026, 06:59:01,C,16.058
26/08/2026, 07:29:01,C,16.058
26/08/2026, 07:59:01,C,16.058
26/08/2026, 08:29:01,C,16.058
26/08/2026, 08:59:01,C,16.559
26/08/2026, 09:29:01,C,15.558
26/08/2026, 09:59:01,C,16.058
26/08/2026, 10:29:01,C,16.559
26/08/2026, 10:59:01,C,18.061
26/08/2026, 11:29:01,C,18.561
26/08/2026, 11:59:01,C,18.561
26/08/2026, 12:29:01,C,18.561
26/08/2026, 12:59:01,C,18.061
26/08/2026, 13:29:01,C,19.062
26/08/2026, 13:59:01,C,19.562
26/08/2026, 14:29:01,C,19.562
26/08/2026, 14:59:01,C,19.062
26/08/2026, 15:29:01,C,18.561
26/08/2026, 15:59:01,C,19.062
26/08/2026, 16:29:01,C,19.562
26/08/2026, 16:59:01,C,20.062
26/08/2026, 17:29:01,C,20.062
26/08/2026, 17:59:01,C,20.062
26/08/2026, 18:29:01,C,19.562
26/08/2026, 18:59:01,C,19.062
26/08/2026, 19:29:01,C,19.062
26/08/2026, 19:59:01,C,19.062
26/08/2026, 20:29:01,C,19.062
26/08/2026, 20:59:01,C,19.062
26/08/2026, 21:29:01,C,18.561
26/08/2026, 21:59:01,C,17.06
26/08/2026, 22:29:01,C,17.56
26/08/2026, 22:59:01,C,17.56
26/08/2026, 23:29:01,C,17.06
26/08/2026, 23:59:01,C,17.06
27/08/2026, 00:29:01,C,17.06
27/08/2026, 00:59:01,C,17.06
27/08/2026, 01:29:01,C,17.06
27/08/2026, 01:59:01,C,17.06
27/08/2026, 02:29:01,C,17.06
27/08/2026, 02:59:01,C,17.56
27/08/2026, 03:29:01,C,17.56
27/08/2026, 03:59:01,C,17.56
27/08/2026, 04:29:01,C,17.56
27/08/2026, 04:59:01,C,17.06
27/08/2026, 05:29:01,C,17.06
27/08/2026, 05:59:01,C,17.56
27/08/2026, 06:29:01,C,16.559
27/08/2026, 06:59:01,C,17.06
27/08/2026, 07:29:01,C,17.06
27/08/2026, 07:59:01,C,17.06
27/08/2026, 08:29:01,C,17.56
27/08/2026, 08:59:01,C,18.061
27/08/2026, 09:29:01,C,18.061
27/08/2026, 09:59:01,C,18.561
27/08/2026, 10:29:01,C,20.062
27/08/2026, 10:59:01,C,19.562
27/08/2026, 11:29:01,C,19.062
27/08/2026, 11:59:01,C,19.562
27/08/2026, 12:29:01,C,20.563
27/08/2026, 12:59:01,C,20.563
27/08/2026, 13:29:01,C,20.062
27/08/2026, 13:59:01,C,19.562
27/08/2026, 14:29:01,C,18.561
27/08/2026, 14:59:01,C,18.561
27/08/2026, 15:29:01,C,18.561
27/08/2026, 15:59:01,C,17.56
27/08/2026, 16:29:01,C,18.061
27/08/2026, 16:59:01,C,17.56
27/08/2026, 17:29:01,C,17.56
27/08/2026, 17:59:01,C,17.06
27/08/2026, 18:29:01,C,16.559
27/08/2026, 18:59:01,C,16.559
27/08/2026, 19:29:01,C,16.559
27/08/2026, 19:59:01,C,16.559
27/08/2026, 20:29:01,C,16.058
27/08/2026, 20:59:01,C,16.058
27/08/2026, 21:29:01,C,16.058
27/08/2026, 21:59:01,C,16.058
27/08/2026, 22:29:01,C,16.058
27/08/2026, 22:59:01,C,15.558
27/08/2026, 23:29:01,C,15.558
27/08/2026, 23:59:01,C,15.558
28/08/2026, 00:29:01,C,15.558
28/08/2026, 00:59:01,C,15.558
28/08/2026, 01:29:01,C,15.558
28/08/2026, 01:59:01,C,15.558
28/08/2026, 02:29:01,C,15.558
28/08/2026, 02:59:01,C,15.558
28/08/2026, 03:29:01,C,15.558
28/08/2026, 03:59:01,C,15.558
28/08/2026, 04:29:01,C,15.558
28/08/2026, 04:59:01,C,15.558
28/08/2026, 05:29:01,C,15.558
28/08/2026, 05:59:01,C,15.558
28/08/2026, 06:29:01,C,15.558
28/08/2026, 06:59:01,C,15.558
28/08/2026, 07:29:01,C,15.558
28/08/2026, 07:59:01,C,15.558
28/08/2026, 08:29:01,C,16.058
28/08/2026, 08:59:01,C,16.058
28/08/2026, 09:29:01,C,16.559
28/08/2026, 09:59:01,C,17.06
28/08/2026, 10:29:01,C,17.56
28/08/2026, 10:59:01,C,16.559
28/08/2026, 11:29:01,C,16.559
28/08/2026, 11:59:01,C,16.559
28/08/2026, 12:29:01,C,17.06
28/08/2026, 12:59:01,C,16.559
28/08/2026, 13:29:01,C,16.559
28/08/2026, 13:59:01,C,17.56
28/08/2026, 14:29:01,C,16.559
28/08/2026, 14:59:01,C,16.559
28/08/2026, 15:29:01,C,16.559
28/08/2026, 15:59:01,C,16.559
28/08/2026, 16:29:01,C,16.559
28/08/2026, 16:59:01,C,17.06
28/08/2026, 17:29:01,C,17.06
28/08/2026, 17:59:01,C,16.559
28/08/2026, 18:29:01,C,16.559
28/08/2026, 18:59:01,C,16.058
28/08/2026, 19:29:01,C,15.558
28/08/2026, 19:59:01,C,15.558
28/08/2026, 20:29:01,C,15.057
28/08/2026, 20:59:01,C,15.057
28/08/2026, 21:29:01,C,15.057
28/08/2026, 21:59:01,C,14.556
28/08/2026, 22:29:01,C,14.556
28/08/2026, 22:59:01,C,14.556
28/08/2026, 23:29:01,C,14.055
28/08/2026, 23:59:01,C,14.055
29/08/2026, 00:29:01,C,14.055
29/08/2026, 00:59:01,C,14.055
29/08/2026, 01:29:01,C,13.555
29/08/2026, 01:59:01,C,14.055
29/08/2026, 02:29:01,C,13.555
29/08/2026, 02:59:01,C,13.555
29/08/2026, 03:29:01,C,13.054
29/08/2026, 03:59:01,C,12.553
29/08/2026, 04:29:01,C,12.052
29/08/2026, 04:59:01,C,12.052
29/08/2026, 05:29:01,C,11.551
29/08/2026, 05:59:01,C,11.05
29/08/2026, 06:29:01,C,10.048
29/08/2026, 06:59:01,C,10.549
29/08/2026, 07:29:01,C,11.05
29/08/2026, 07:59:01,C,11.551
29/08/2026, 08:29:01,C,12.553
29/08/2026, 08:59:01,C,13.555
29/08/2026, 09:29:01,C,15.057
29/08/2026, 09:59:01,C,15.558
29/08/2026, 10:29:01,C,17.56
29/08/2026, 10:59:01,C,17.56
29/08/2026, 11:29:01,C,17.56
29/08/2026, 11:59:01,C,17.56
29/08/2026, 12:29:01,C,17.06
29/08/2026, 12:59:01,C,18.061
29/08/2026, 13:29:01,C,17.56
29/08/2026, 13:59:01,C,18.561
29/08/2026, 14:29:01,C,18.561
29/08/2026, 14:59:01,C,19.062
29/08/2026, 15:29:01,C,19.062
29/08/2026, 15:59:01,C,19.062
29/08/2026, 16:29:01,C,18.561
29/08/2026, 16:59:01,C,17.06
29/08/2026, 17:29:01,C,17.06
29/08/2026, 17:59:01,C,17.06
29/08/2026, 18:29:01,C,16.559
29/08/2026, 18:59:01,C,16.058
29/08/2026, 19:29:01,C,15.558
29/08/2026, 19:59:01,C,15.558
29/08/2026, 20:29:01,C,15.057
29/08/2026, 20:59:01,C,15.057
29/08/2026, 21:29:01,C,14.556
29/08/2026, 21:59:01,C,14.556
29/08/2026, 22:29:01,C,14.055
29/08/2026, 22:59:01,C,14.055
29/08/2026, 23:29:01,C,14.055
29/08/2026, 23:59:01,C,14.055
30/08/2026, 00:29:01,C,14.055
30/08/2026, 00:59:01,C,14.055
30/08/2026, 01:29:01,C,14.055
30/08/2026, 01:59:01,C,14.055
30/08/2026, 02:29:01,C,14.055
30/08/2026, 02:59:01,C,14.055
30/08/2026, 03:29:01,C,14.055
30/08/2026, 03:59:01,C,14.055
30/08/2026, 04:29:01,C,14.055
30/08/2026, 04:59:01,C,14.055
30/08/2026, 05:29:01,C,14.055
30/08/2026, 05:59:01,C,14.055
30/08/2026, 06:29:01,C,14.556
30/08/2026, 06:59:01,C,14.556
30/08/2026, 07:29:01,C,14.556
30/08/2026, 07:59:01,C,14.556
30/08/2026, 08:29:01,C,15.057
30/08/2026, 08:59:01,C,15.558
30/08/2026, 09:29:01,C,16.058
30/08/2026, 09:59:01,C,16.559
30/08/2026, 10:29:01,C,16.559
30/08/2026, 10:59:01,C,16.559
30/08/2026, 11:29:01,C,17.06
30/08/2026, 11:59:01,C,18.061
30/08/2026, 12:29:01,C,18.061
30/08/2026, 12:59:01,C,18.561
30/08/2026, 13:29:01,C,17.56
30/08/2026, 13:59:01,C,16.559
30/08/2026, 14:29:01,C,15.558
30/08/2026, 14:59:01,C,15.057
30/08/2026, 15:29:01,C,16.058
30/08/2026, 15:59:01,C,15.558
30/08/2026, 16:29:01,C,16.559
30/08/2026, 16:59:01,C,16.058
30/08/2026, 17:29:01,C,15.558
30/08/2026, 17:59:01,C,16.058
30/08/2026, 18:29:01,C,16.058
30/08/2026, 18:59:01,C,15.057
30/08/2026, 19:29:01,C,15.057
30/08/2026, 19:59:01,C,15.057
30/08/2026, 20:29:01,C,14.556
30/08/2026, 20:59:01,C,14.556
30/08/2026, 21:29:01,C,14.556
30/08/2026, 21:59:01,C,14.055
30/08/2026, 22:29:01,C,13.555
30/08/2026, 22:59:01,C,13.054
30/08/2026, 23:29:01,C,12.553
30/08/2026, 23:59:01,C,13.054
31/08/2026, 00:29:01,C,13.054
31/08/2026, 00:59:01,C,12.553
31/08/2026, 01:29:01,C,11.551
31/08/2026, 01:59:01,C,11.05
31/08/2026, 02:29:01,C,11.05
31/08/2026, 02:59:01,C,10.549
31/08/2026, 03:29:01,C,11.05
31/08/2026, 03:59:01,C,11.05
31/08/2026, 04:29:01,C,11.551
31/08/2026, 04:59:01,C,11.551
31/08/2026, 05:29:01,C,11.551
31/08/2026, 05:59:01,C,11.551
31/08/2026, 06:29:01,C,11.551
31/08/2026, 06:59:01,C,11.551
31/08/2026, 07:29:01,C,12.052
31/08/2026, 07:59:01,C,12.553
31/08/2026, 08:29:01,C,13.555
31/08/2026, 08:59:01,C,14.556
31/08/2026, 09:29:01,C,14.556
31/08/2026, 09:59:01,C,15.057
31/08/2026, 10:29:01,C,15.558
31/08/2026, 10:59:01,C,15.057
31/08/2026, 11:29:01,C,15.057
31/08/2026, 11:59:01,C,15.558
31/08/2026, 12:29:01,C,15.558
31/08/2026, 12:59:01,C,15.057
31/08/2026, 13:29:01,C,15.057
31/08/2026, 13:59:01,C,15.558
31/08/2026, 14:29:01,C,16.058
31/08/2026, 14:59:01,C,16.559
31/08/2026, 15:29:01,C,16.559
31/08/2026, 15:59:01,C,15.558
31/08/2026, 16:29:01,C,14.556
31/08/2026, 16:59:01,C,14.055
31/08/2026, 17:29:01,C,14.055
31/08/2026, 17:59:01,C,14.055
31/08/2026, 18:29:01,C,13.555
31/08/2026, 18:59:01,C,13.555
31/08/2026, 19:29:01,C,12.553
31/08/2026, 19:59:01,C,12.553
31/08/2026, 20:29:01,C,12.052
31/08/2026, 20:59:01,C,11.551
31/08/2026, 21:29:01,C,11.05
31/08/2026, 21:59:01,C,11.551
31/08/2026, 22:29:01,C,11.551
31/08/2026, 22:59:01,C,11.551
31/08/2026, 23:29:01,C,11.05
31/08/2026, 23:59:01,C,10.549
01/09/2026, 00:29:01,C,11.05
01/09/2026, 00:59:01,C,10.549
01/09/2026, 01:29:01,C,11.05
01/09/2026, 01:59:01,C,11.05
01/09/2026, 02:29:01,C,11.551
01/09/2026, 02:59:01,C,11.551
01/09/2026, 03:29:01,C,12.052
01/09/2026, 03:59:01,C,12.052
01/09/2026, 04:29:01,C,12.553
01/09/2026, 04:59:01,C,12.553
01/09/2026, 05:29:01,C,13.054
01/09/2026, 05:59:01,C,13.054
01/09/2026, 06:29:01,C,13.054
01/09/2026, 06:59:01,C,13.054
01/09/2026, 07:29:01,C,13.555
01/09/2026, 07:59:01,C,13.555
01/09/2026, 08:29:01,C,13.555
01/09/2026, 08:59:01,C,14.055
01/09/2026, 09:29:01,C,14.055
01/09/2026, 09:59:01,C,14.556
01/09/2026, 10:29:01,C,15.558
01/09/2026, 10:59:01,C,15.558
01/09/2026, 11:29:01,C,15.558
01/09/2026, 11:59:01,C,15.057
01/09/2026, 12:29:01,C,16.058
01/09/2026, 12:59:01,C,16.058
01/09/2026, 13:29:01,C,16.058
01/09/2026, 13:59:01,C,16.058
01/09/2026, 14:29:01,C,16.058
01/09/2026, 14:59:01,C,16.058
01/09/2026, 15:29:01,C,16.559
01/09/2026, 15:59:01,C,16.559
01/09/2026, 16:29:01,C,16.559
01/09/2026, 16:59:01,C,15.558
01/09/2026, 17:29:01,C,15.558
01/09/2026, 17:59:01,C,15.558
01/09/2026, 18:29:01,C,15.558
01/09/2026, 18:59:01,C,15.558
01/09/2026, 19:29:01,C,15.057
01/09/2026, 19:59:01,C,15.057
01/09/2026, 20:29:01,C,15.057
01/09/2026, 20:59:01,C,15.057
01/09/2026, 21:29:01,C,15.057
01/09/2026, 21:59:01,C,15.057
01/09/2026, 22:29:01,C,15.057
01/09/2026, 22:59:01,C,14.556
01/09/2026, 23:29:01,C,14.556
01/09/2026, 23:59:01,C,14.556
02/09/2026, 00:29:01,C,14.556
02/09/2026, 00:59:01,C,14.556
02/09/2026, 01:29:01,C,14.556
02/09/2026, 01:59:01,C,14.055
02/09/2026, 02:29:01,C,14.055
02/09/2026, 02:59:01,C,14.055
02/09/2026, 03:29:01,C,14.055
02/09/2026, 03:59:01,C,14.556
02/09/2026, 04:29:01,C,14.556
02/09/2026, 04:59:01,C,14.556
02/09/2026, 05:29:01,C,14.556
02/09/2026, 05:59:01,C,14.556
02/09/2026, 06:29:01,C,14.055
02/09/2026, 06:59:01,C,14.055
02/09/2026, 07:29:01,C,14.055
02/09/2026, 07:59:01,C,14.556
02/09/2026, 08:29:01,C,14.556
02/09/2026, 08:59:01,C,15.057
02/09/2026, 09:29:01,C,15.057
02/09/2026, 09:59:01,C,14.556
02/09/2026, 10:29:01,C,14.556
02/09/2026, 10:59:01,C,14.055
02/09/2026, 11:29:01,C,14.556
02/09/2026, 11:59:01,C,14.556
02/09/2026, 12:29:01,C,14.556
02/09/2026, 12:59:01,C,14.556
02/09/2026, 13:29:01,C,14.556
02/09/2026, 13:59:01,C,15.057
02/09/2026, 14:29:01,C,15.057
02/09/2026, 14:59:01,C,15.057
02/09/2026, 15:29:01,C,15.057
02/09/2026, 15:59:01,C,15.057
02/09/2026, 16:29:01,C,15.558
02/09/2026, 16:59:01,C,15.558
02/09/2026, 17:29:01,C,16.058
02/09/2026, 17:59:01,C,16.058
02/09/2026, 18:29:01,C,16.058
02/09/2026, 18:59:01,C,16.559
02/09/2026, 19:29:01,C,16.559
02/09/2026, 19:59:01,C,16.559
02/09/2026, 20:29:01,C,16.559
02/09/2026, 20:59:01,C,16.559
02/09/2026, 21:29:01,C,16.559
02/09/2026, 21:59:01,C,16.559
02/09/2026, 22:29:01,C,16.559
02/09/2026, 22:59:01,C,16.559
02/09/2026, 23:29:01,C,16.559
02/09/2026, 23:59:01,C,16.559
03/09/2026, 00:29:01,C,16.559
03/09/2026, 00:59:01,C,16.559
03/09/2026, 01:29:01,C,16.559
03/09/2026, 01:59:01,C,16.559
03/09/2026, 02:29:01,C,16.058
03/09/2026, 02:59:01,C,16.058
03/09/2026, 03:29:01,C,15.558
03/09/2026, 03:59:01,C,15.558
03/09/2026, 04:29:01,C,15.558
03/09/2026, 04:59:01,C,15.558
03/09/2026, 05:29:01,C,15.558
03/09/2026, 05:59:01,C,15.057
03/09/2026, 06:29:01,C,15.057
03/09/2026, 06:59:01,C,15.057
03/09/2026, 07:29:01,C,14.556
03/09/2026, 07:59:01,C,15.057
03/09/2026, 08:29:01,C,14.556
03/09/2026, 08:59:01,C,15.057
03/09/2026, 09:29:01,C,15.057
03/09/2026, 09:59:01,C,15.057
03/09/2026, 10:29:01,C,15.057
03/09/2026, 10:59:01,C,15.057
03/09/2026, 11:29:01,C,15.558
03/09/2026, 11:59:01,C,15.558
03/09/2026, 12:29:01,C,19.562
